ID	Source
1	509
2	509
6	850
6	640
6	901
7	849
7	640
8	803
8	801
8	525
8	784
9	527
11	693
14	832
16	608
18	640
23	640
23	600
23	500
1	503
23	833
23	509
24	801
24	802
25	600
25	863
27	640
28	640
29	681
33	832
34	801
34	512
35	658
37	677
38	677
38	608
38	623
38	801
39	518
40	500
41	509
41	500
42	832
43	736
43	736
44	612
44	602
44	677
44	696
45	500
45	527
45	543
46	813
48	889
50	527
52	998
53	833
53	527
55	843
55	620
56	640
56	783
56	801
56	526
56	620
57	528
57	998
58	514
60	998
63	850
63	677
63	640
64	643
64	850
64	850
64	641
64	998
65	677
65	815
66	681
67	815
69	805
69	608
69	680
70	533
70	526
73	526
74	514
75	677
75	620
75	526
77	677
79	620
79	901
80	693
81	612
81	522
83	645
85	805
85	693
85	677
85	696
87	518
87	800
91	998
92	608
95	693
95	692
96	645
96	681
97	620
97	656
99	868
100	620
100	620
101	514
102	901
102	697
102	612
102	681
103	533
106	804
106	792
106	739
106	803
106	721
106	804
107	802
110	526
110	801
110	518
111	901
113	905
115	656
116	901
116	656
120	645
122	693
122	830
124	607
124	600
124	602
125	803
127	998
127	833
129	677
129	697
129	693
130	643
132	805
133	608
134	612
134	693
135	602
135	503
135	697
135	693
136	522
136	697
139	907
141	612
141	608
143	600
143	500
143	998
145	693
145	612
145	674
145	696
146	602
146	612
148	804
149	850
150	643
151	612
151	645
152	643
153	697
154	697
156	681
157	697
158	880
158	886
159	681
159	645
160	612
160	998
161	612
162	693
162	623
162	645
162	882
163	602
164	500
164	526
164	501
167	600
167	640
173	693
174	693
176	522
176	612
176	664
178	602
178	608
178	805
179	710
179	720
181	620
182	620
183	681
184	681
185	681
186	600
186	998
186	612
186	901
188	730
188	731
189	730
191	832
191	868
194	850
194	681
195	681
196	612
197	656
197	645
198	620
198	526
199	649
199	697
199	998
199	645
200	677
200	602
200	612
200	674
202	677
203	652
203	681
203	645
203	643
203	645
204	645
204	677
205	600
205	526
205	501
206	672
207	645
207	864
207	881
207	522
208	522
208	500
209	677
209	850
209	645
209	764
210	681
212	697
212	693
213	670
213	602
215	640
215	620
217	832
217	868
218	677
219	620
219	526
220	803
222	774
224	905
224	811
224	677
226	905
227	620
228	677
229	500
229	697
230	670
231	681
236	640
237	501
238	643
238	620
238	612
239	774
241	543
244	526
244	620
244	656
244	697
244	783
245	677
247	522
247	693
248	641
249	656
250	762
253	651
255	608
255	998
258	620
258	526
259	693
259	645
259	500
260	697
261	697
262	697
263	602
263	697
264	680
265	602
265	645
266	697
267	697
269	998
270	500
270	812
270	605
271	804
272	998
272	841
274	830
274	830
274	832
274	841
277	697
278	681
280	901
282	850
282	697
283	500
283	998
284	602
285	693
285	656
288	645
289	692
291	677
292	697
293	677
297	522
298	833
299	500
300	645
300	677
300	850
300	901
300	850
302	762
302	677
303	693
304	681
305	903
305	693
305	696
305	901
306	681
306	681
306	680
307	693
308	649
308	783
309	620
309	850
310	902
310	612
311	998
311	784
312	514
312	801
314	522
315	543
316	905
318	514
318	832
319	887
320	677
321	677
322	681
323	998
324	697
327	850
329	903
329	500
331	612
333	677
336	677
336	601
338	697
340	677
341	998
343	645
343	645
343	677
344	998
344	612
346	907
348	600
348	500
348	612
349	697
350	683
351	612
352	998
352	697
353	522
353	612
353	873
353	903
354	641
354	907
354	501
354	500
354	620
354	602
355	612
356	656
358	901
358	677
359	677
359	620
359	998
359	681
359	693
360	502
363	998
365	677
367	500
367	868
367	612
368	850
369	612
371	683
372	677
372	850
373	501
374	850
375	697
375	850
377	697
378	765
378	645
378	677
378	850
379	998
380	697
381	645
382	677
383	677
383	612
384	608
384	811
385	676
385	602
388	500
388	514
389	697
391	850
391	850
391	850
392	677
393	677
395	697
395	697
400	903
402	612
404	612
405	998
406	693
406	697
406	600
406	850
407	677
407	620
407	693
407	681
407	677
408	697
408	640
410	608
411	676
411	677
411	623
412	602
412	811
413	783
413	603
413	619
413	692
413	764
414	697
415	803
417	905
417	665
418	998
418	765
418	677
420	620
420	612
420	645
421	693
421	656
422	600
422	850
423	514
423	696
423	765
423	643
423	850
424	645
424	526
424	620
425	832
425	602
426	620
426	665
429	842
431	645
431	514
432	620
432	693
432	850
432	998
433	620
434	677
434	821
434	998
435	677
435	998
436	670
436	891
436	602
437	504
441	681
441	998
441	816
441	656
441	620
441	901
442	998
442	643
442	850
443	501
443	692
444	531
445	692
445	531
445	697
447	623
447	842
447	612
448	811
448	816
449	886
449	600
450	677
451	693
451	850
453	693
453	998
456	811
456	602
456	905
457	602
457	526
460	522
463	998
463	677
463	891
463	600
464	697
464	656
466	640
466	764
466	656
466	620
466	903
467	645
468	601
468	998
468	600
468	614
468	503
470	739
471	998
471	999
471	640
472	640
472	600
473	503
474	500
474	612
474	681
474	850
475	674
476	656
476	891
477	816
477	640
478	640
478	643
1276	677
480	656
480	681
481	805
482	541
482	832
483	999
484	674
484	602
484	500
484	514
485	677
485	998
488	677
488	656
488	872
488	998
489	645
489	677
489	850
490	643
490	640
491	693
491	763
493	693
494	791
495	620
495	999
495	821
496	612
496	623
497	500
497	622
498	504
498	526
498	999
499	774
499	504
501	867
502	656
502	620
503	656
505	998
506	841
507	998
510	693
511	998
512	677
512	656
513	681
514	677
514	612
515	677
515	656
516	640
520	503
520	526
522	681
522	645
522	862
523	681
523	850
523	697
523	677
523	998
524	681
525	656
525	677
525	663
526	681
526	774
526	677
527	645
528	645
528	862
529	681
529	763
529	641
530	693
530	693
532	645
532	501
533	608
534	600
534	620
535	861
535	522
538	681
538	906
538	998
538	862
539	656
540	677
543	693
546	832
548	998
548	642
548	623
548	620
549	620
550	880
551	998
552	656
553	677
554	612
554	998
558	801
559	697
560	522
560	764
560	765
562	674
562	602
562	601
562	500
563	681
563	677
563	998
564	681
565	697
565	697
565	500
566	901
566	850
566	620
566	640
567	643
569	677
570	862
570	643
570	681
573	619
574	901
574	643
575	901
576	643
576	901
583	620
583	850
584	645
584	640
584	677
585	643
586	681
588	500
588	693
592	620
594	677
594	656
595	677
595	681
595	643
598	677
600	693
602	843
602	620
603	998
603	681
603	693
603	697
604	681
604	677
604	645
605	640
605	998
605	656
605	677
607	677
608	656
611	780
611	526
611	612
611	605
613	850
614	693
614	850
617	681
617	764
617	649
618	645
619	832
620	677
620	656
621	850
621	850
621	681
622	681
622	998
623	677
623	873
623	681
624	693
624	697
624	850
625	693
626	681
628	526
628	500
629	500
629	620
629	600
630	677
631	677
631	850
632	677
632	681
633	670
634	693
635	998
636	509
637	764
638	764
638	998
639	601
639	780
639	998
641	677
641	696
641	998
641	681
642	651
643	902
644	693
644	697
647	801
647	591
648	620
649	677
653	677
653	774
654	677
654	910
655	998
655	774
657	850
660	998
660	656
661	681
662	850
662	697
663	693
665	600
666	620
666	534
667	677
667	656
668	677
672	850
673	998
673	850
676	608
676	631
677	765
678	656
679	602
679	693
679	623
679	534
679	774
680	602
680	640
681	905
684	850
687	862
688	608
690	500
691	693
693	998
694	850
696	608
697	608
697	677
700	656
701	998
701	764
701	999
701	677
702	902
702	903
703	783
703	817
704	832
705	649
710	832
710	500
711	850
712	600
712	500
713	620
716	998
717	764
719	612
719	783
721	608
721	600
723	998
723	780
724	677
725	764
726	850
726	850
727	514
727	850
727	681
729	670
734	764
735	850
735	765
735	677
736	693
736	850
737	910
739	503
739	602
739	764
739	681
740	620
741	803
744	681
744	662
745	681
745	850
746	681
746	850
747	783
748	783
751	612
751	620
752	681
752	850
752	677
753	681
754	998
756	731
756	533
757	677
757	998
758	681
759	782
760	652
763	533
763	731
763	730
763	803
763	802
763	801
764	697
764	850
766	905
766	681
766	665
769	792
770	600
770	602
770	907
771	601
772	854
772	765
773	841
775	850
777	677
778	677
778	649
779	620
779	590
781	620
781	500
782	850
782	998
782	681
783	850
783	765
783	850
785	522
785	697
785	500
787	652
787	850
788	850
789	677
789	850
791	850
793	522
794	531
794	620
796	832
796	868
797	652
798	690
798	612
799	611
799	998
801	850
802	765
804	620
805	522
805	500
806	774
807	620
807	660
807	850
808	800
808	620
809	681
809	850
810	681
881	681
812	620
812	602
814	500
814	802
815	620
815	801
815	802
817	854
817	850
819	677
819	850
819	765
819	660
821	774
821	620
824	501
826	998
827	850
828	620
828	999
828	812
829	998
830	765
832	850
832	850
832	681
832	850
832	620
832	850
832	681
833	681
834	850
837	526
839	812
839	677
839	608
839	612
841	850
841	850
842	681
843	850
844	854
845	608
846	998
846	503
847	903
847	681
847	850
848	850
851	903
852	783
852	600
853	850
853	850
854	765
855	664
858	850
858	681
859	904
859	656
859	623
859	905
860	681
861	904
861	850
862	619
862	620
863	816
864	500
864	868
864	833
865	850
866	850
866	600
867	681
868	850
868	640
868	998
869	850
869	850
869	663
871	697
873	901
874	697
876	697
878	697
878	693
879	645
879	697
881	645
881	681
881	998
884	697
884	645
888	693
888	620
893	998
895	612
895	645
896	850
901	850
901	681
901	620
904	850
906	600
906	998
909	998
909	677
909	696
909	697
911	600
911	623
912	693
913	645
914	645
917	500
917	801
919	500
920	645
920	607
921	681
921	645
921	640
922	677
922	518
923	801
923	509
924	540
924	500
926	802
928	522
928	612
929	681
930	677
930	522
934	696
934	998
936	803
938	998
938	677
938	612
938	901
938	645
940	998
940	677
941	801
941	781
941	526
941	998
942	649
942	677
942	612
942	873
943	504
944	905
944	998
945	645
945	612
946	677
947	670
947	764
947	850
947	693
947	998
949	620
949	604
950	998
952	850
955	697
956	526
956	620
956	888
957	818
959	998
959	693
959	865
961	998
963	601
966	697
966	693
967	850
968	901
968	693
968	656
969	607
969	612
969	772
969	780
969	833
969	888
969	842
969	526
969	604
969	612
970	903
970	522
971	998
971	783
973	887
975	694
976	907
976	697
978	500
978	645
981	620
981	674
981	602
981	645
983	645
983	526
983	600
984	998
986	907
986	677
986	643
986	764
988	907
988	764
988	612
989	612
991	903
993	675
995	612
995	998
995	681
997	693
997	850
999	677
999	620
999	675
1000	677
1001	645
1003	891
1003	681
1005	643
1006	602
1006	889
1007	643
1010	998
1011	500
1011	503
1013	697
1014	677
1016	643
1016	761
1017	774
1017	645
1021	612
1022	901
1023	677
1025	850
1025	697
1026	681
1027	645
1027	850
1027	998
1028	600
1029	681
1029	645
1030	640
1030	645
1031	612
1031	677
1032	884
1032	612
1033	696
1034	850
1034	850
1035	643
1036	602
1036	608
1037	998
1038	998
1039	677
1039	903
1039	681
1040	643
1040	907
1040	677
1044	903
1045	850
1046	998
1046	681
1046	907
1046	681
1047	765
1048	672
1048	602
1048	774
1048	690
1048	677
1049	693
1049	863
1049	501
1049	850
1050	850
1052	998
1052	500
1052	600
1052	832
1052	804
1053	693
1053	850
1056	998
1056	681
1060	623
1061	677
1061	664
1061	801
1062	612
1064	697
1065	602
1068	693
1068	677
1068	656
1068	674
1068	602
1068	612
1068	607
1068	697
1069	850
1071	681
1073	665
1073	681
1074	664
1074	998
1075	677
1075	850
1076	998
1078	681
1079	612
1079	998
1079	888
1079	780
1079	607
1082	998
1082	665
1084	600
1085	889
1085	602
1088	998
1090	677
1090	681
1091	620
1091	604
1091	612
1091	608
1091	661
1092	620
1093	677
1094	681
1095	832
1097	765
1097	998
1100	500
1101	697
1101	850
1101	998
1102	850
1104	831
1106	765
1111	850
1111	620
1112	905
1112	998
1113	500
1113	868
1115	850
1116	904
1116	620
1116	643
1117	868
1118	832
1118	600
1118	730
1118	583
1119	612
1120	656
1120	640
1124	543
1125	543
1125	500
1126	692
1126	620
1127	887
1127	901
1127	656
1128	998
1134	677
1135	620
1135	612
1135	608
1136	602
1137	612
1138	692
1140	774
1141	832
1142	832
1143	731
1143	527
1144	998
1145	532
1145	998
1147	850
1148	783
1149	692
1150	832
1151	782
1152	555
1153	998
1153	677
1153	681
1155	861
1158	998
1159	901
1160	600
1161	656
1161	763
1163	533
1163	731
1163	500
1163	733
1163	730
1167	901
1168	998
1168	620
1170	832
1172	656
1172	998
1172	850
1172	677
1176	526
1177	677
1177	998
1178	681
1184	697
1185	677
1185	656
1186	677
1186	774
1186	677
1187	656
1187	656
1188	514
1188	500
1188	540
1192	863
1192	692
1196	602
1197	832
1197	540
1200	783
1203	608
1204	764
1207	677
1207	645
1207	677
1208	998
1210	659
1211	677
1211	998
1211	677
1215	850
1216	730
1218	645
1218	677
1218	901
1219	677
1219	998
1220	677
1220	677
1221	600
1221	842
1222	656
1222	677
1222	850
1222	850
1223	514
1223	534
1223	540
1223	868
1223	656
1225	665
1227	792
1230	998
1230	677
1230	674
1231	677
1231	693
1232	677
1233	998
1234	670
1234	998
1234	998
1235	998
1236	659
1237	998
1238	620
1238	677
1239	677
1239	645
1240	620
1242	645
1244	677
1245	693
1245	693
1246	693
1247	693
1247	522
1247	862
1248	681
1248	681
1248	862
1249	645
1250	677
1253	998
1254	850
1255	999
1255	620
1255	812
1256	998
1257	765
1259	677
1260	645
1260	648
1261	850
1261	765
1261	656
1261	602
1262	620
1262	602
1262	501
1262	998
1263	693
1263	677
1263	697
1264	670
1264	903
1264	862
1265	850
1265	783
1266	805
1266	677
1266	998
1266	693
1266	850
1267	805
1268	660
1268	765
1268	681
1270	764
1270	762
1271	850
1272	601
1275	771
1276	612
1276	906
1276	526
1276	501
1277	612
1277	522
1277	656
1278	612
1278	805
1278	601
1278	622
1279	850
1280	904
1280	850
1280	855
1280	663
1280	640
1282	868
1286	645
1286	764
1287	901
1287	681
1287	602
1287	600
1287	612
1288	677
1288	620
1288	526
1289	998
1289	998
1289	850
1291	665
1292	677
1292	873
