ID	Reporters' Comments
282	19
282	19
283	01
283	01
283	01
283	01
284	02
284	02
284	26
284	02
284	26
285	08
286	01
286	01
286	01
287	07
288	01
288	01
288	01
288	01
289	01
289	01
289	01
289	01
289	01
289	01
290	01
290	01
290	01
290	07
290	01
291	02
291	02
291	02
291	03
291	07
292	08
293	08
293	08
293	08
293	08
294	01
295	01
295	01
295	08
295	08
295	32
296	02
296	02
296	26
296	02
297	01
297	01
298	07
298	07
298	07
298	07
298	07
298	01
298	07
299	08
299	32
299	08
299	32
299	08
299	32
300	08
300	07
300	32
300	03
300	07
301	02
301	04
302	08
302	19
302	19
303	08
303	19
304	02
304	26
304	07
304	26
305	01
305	25
305	03
305	25
305	07
305	03
306	02
306	02
306	02
306	02
307	25
307	01
307	25
308	01
308	01
308	17
308	01
308	04
309	03
309	19
309	03
309	03
309	27
310	02
311	01
311	01
312	01
312	02
312	26
312	26
312	18
312	25
312	26
312	32
312	24
313	02
313	36
313	18
313	32
314	01
315	01
315	01
315	01
316	07
317	07
318	08
318	25
318	25
318	25
319	03
319	01
320	08
320	32
320	08
320	03
321	08
322	02
322	26
322	07
322	26
323	01
323	01
323	07
323	08
324	03
324	03
325	07
326	01
327	19
327	19
327	03
327	03
327	01
328	02
328	02
328	02
329	01
330	01
331	02
331	02
331	02
331	08
332	08
333	02
334	01
335	08
335	08
335	01
335	32
335	32
336	08
336	32
336	08
336	32
337	01
338	08
338	01
338	01
338	01
339	02
339	02
339	39
339	07
339	07
340	02
341	02
342	02
342	02
342	02
342	26
343	08
343	07
343	03
343	27
344	02
344	02
344	26
346	07
346	07
346	07
346	07
346	07
347	01
347	01
347	01
347	25
348	08
348	32
348	08
348	32
349	01
349	25
349	01
349	01
349	17
349	25
350	02
350	26
350	26
351	02
351	02
351	02
351	02
351	02
352	01
353	01
353	01
353	07
353	07
353	07
353	07
354	01
354	03
354	27
354	32
354	02
354	03
354	08
354	07
355	08
355	40
355	08
355	08
355	18
355	17
355	26
355	32
355	32
356	07
357	02
357	02
358	03
358	07
358	07
358	07
358	03
358	07
358	07
358	07
359	08
359	32
359	02
359	08
359	08
359	32
360	01
361	08
362	05
363	01
363	08
363	32
363	01
363	08
364	08
364	19
364	07
364	07
364	08
364	07
365	08
366	08
366	08
366	02
366	01
366	08
367	08
367	32
367	08
367	32
368	01
368	01
369	02
369	02
369	34
369	26
370	02
371	02
371	26
371	26
372	02
372	07
372	32
372	07
373	01
374	01
374	01
374	07
374	07
375	01
375	33
376	07
377	01
377	01
377	07
378	07
378	07
378	07
378	07
378	07
379	01
379	01
379	01
379	03
379	01
380	01
380	25
381	07
381	03
381	07
381	03
382	08
383	02
383	02
383	02
383	02
384	02
384	02
384	02
384	02
385	02
385	02
385	02
385	02
386	07
386	07
386	07
386	27
386	06
386	07
387	04
387	01
387	01
387	01
388	01
388	01
388	01
388	01
388	25
389	01
391	03
391	07
391	07
391	08
392	08
393	02
393	02
393	07
393	02
394	03
395	01
395	01
395	03
395	01
396	03
396	08
396	03
396	03
397	01
398	02
398	26
398	02
398	02
398	08
399	02
399	02
399	02
399	02
400	07
401	08
401	08
401	08
401	08
402	03
402	03
402	02
402	03
403	07
403	07
403	07
403	07
403	07
403	07
404	07
404	27
404	08
404	25
405	07
405	31
405	07
405	31
406	08
406	25
406	25
407	08
407	01
407	02
407	02
407	26
408	03
409	02
409	02
410	08
410	01
410	01
410	01
410	25
410	25
411	02
411	02
411	02
411	26
411	02
411	02
412	06
412	06
412	06
413	04
413	17
413	01
413	17
413	25
414	01
414	01
414	01
414	01
414	01
415	07
416	05
417	07
417	07
417	07
417	07
418	07
418	07
418	08
418	18
418	07
418	07
418	07
418	07
419	01
419	01
419	01
297	01
297	01
297	01
420	03
420	03
420	03
420	02
421	01
421	08
421	07
422	07
422	25
422	07
422	07
423	01
423	07
423	07
423	07
423	07
424	07
424	07
424	03
424	03
424	03
1276	02
424	03
425	02
425	02
425	06
425	02
425	26
425	06
425	07
426	08
427	01
428	01
429	02
429	02
429	02
429	02
429	02
429	02
430	02
430	02
430	26
431	08
431	03
431	08
431	01
430	02
432	02
432	25
432	01
432	25
433	02
433	02
433	02
434	02
434	02
434	02
434	03
434	01
434	01
435	02
435	18
435	02
435	02
435	26
436	07
436	08
436	08
437	05
437	01
438	01
438	01
438	01
439	05
440	07
440	07
440	07
440	39
440	39
441	08
441	08
441	08
441	08
442	08
442	08
442	03
442	08
443	25
443	01
443	01
443	01
443	01
443	25
444	08
444	26
444	01
444	08
444	32
445	01
445	01
445	25
445	32
445	25
445	01
445	25
446	01
447	02
447	26
447	02
447	02
447	02
447	26
448	06
448	02
448	02
448	01
448	06
448	01
448	02
448	08
448	08
449	07
450	07
450	07
450	07
450	07
450	07
450	07
451	01
451	01
451	01
451	01
451	01
452	01
452	01
453	01
453	01
453	01
453	01
454	08
454	08
455	08
456	02
456	02
456	06
456	02
457	02
457	26
457	02
457	02
457	01
457	01
458	03
458	03
458	03
459	02
459	02
460	08
460	26
460	01
460	01
460	01
460	01
461	07
461	08
461	07
461	07
461	07
461	01
462	08
462	08
462	02
462	26
463	02
159	08
159	08
159	02
159	02
160	02
160	02
160	02
160	02
161	02
161	02
161	02
161	02
162	03
162	03
162	03
162	03
162	03
163	08
163	08
163	08
163	08
164	01
164	25
164	03
164	25
164	01
164	25
165	07
165	02
166	08
167	32
167	07
168	08
168	08
168	07
168	08
169	01
169	01
169	01
169	01
170	08
170	07
170	03
171	08
171	08
172	02
172	02
173	08
173	08
174	01
174	01
174	01
174	01
175	01
176	08
176	32
176	32
177	08
177	08
178	02
178	02
178	02
178	02
179	05
180	07
180	07
180	07
180	07
180	07
180	07
181	08
181	08
182	08
183	08
183	08
184	02
184	02
184	02
184	02
185	02
185	02
186	02
186	02
187	08
188	05
189	05
189	05
189	05
189	05
190	05
190	01
190	21
190	05
190	05
191	05
191	05
191	05
191	05
191	05
192	07
192	07
193	03
193	03
193	32
193	07
194	08
194	40
194	08
194	02
194	19
194	03
195	02
195	02
195	02
195	02
196	08
196	08
196	02
196	02
197	08
197	08
197	03
197	07
198	07
198	08
199	08
199	08
199	08
199	08
200	02
200	02
200	02
200	02
201	08
201	08
201	08
201	08
201	08
202	08
202	08
202	08
202	32
202	08
202	08
203	03
203	03
203	03
203	03
203	03
203	03
204	03
204	03
204	03
204	27
205	08
205	08
205	25
205	25
205	25
205	25
206	01
206	25
207	07
208	08
208	08
209	08
209	08
209	08
209	08
209	08
210	02
210	02
210	02
211	01
212	32
212	08
212	08
213	02
214	02
215	03
215	03
215	03
215	03
215	03
215	03
215	03
215	03
216	02
216	02
216	02
216	07
216	07
217	01
218	02
219	01
219	08
219	03
219	03
219	32
219	32
219	08
220	02
220	02
220	02
220	02
220	07
220	02
220	02
220	02
220	02
221	03
221	07
221	03
221	27
221	27
221	25
221	26
221	26
222	18
222	18
222	18
222	26
222	26
223	07
223	07
223	07
223	07
223	07
223	07
224	06
225	05
226	07
226	07
226	07
226	07
226	07
226	07
226	07
226	07
227	07
227	07
228	02
229	01
229	01
230	08
231	02
231	26
232	01
232	01
233	02
233	02
233	02
233	02
234	01
235	01
236	08
236	03
236	08
237	27
238	03
238	02
238	02
238	02
238	02
238	02
238	02
238	02
239	08
239	08
239	08
239	08
240	01
240	01
241	01
241	25
241	01
241	01
241	01
242	07
242	07
242	07
242	07
243	05
243	05
243	07
243	07
244	08
244	03
244	07
244	01
244	01
244	01
245	02
245	02
245	02
246	02
246	03
246	02
246	02
247	01
247	25
247	01
247	01
248	03
248	03
248	03
249	02
250	03
250	27
250	08
250	03
1118	08
1	01
1	01
1	01
1	01
1	05
1	25
2	25
2	25
2	25
2	01
2	01
2	25
2	17
2	25
2	25
3	08
3	24
3	18
3	32
3	31
3	32
3	26
3	26
4	07
5	04
5	07
5	28
6	03
6	07
6	07
6	03
6	07
6	03
6	04
7	07
7	07
7	03
7	03
8	01
8	01
8	04
8	01
8	01
9	01
9	01
9	05
9	05
9	25
9	01
10	01
11	01
11	01
11	25
11	01
12	03
12	03
12	03
12	07
12	19
12	03
12	03
12	07
12	03
12	03
13	07
14	01
14	25
14	01
14	25
14	01
14	01
15	01
15	01
15	25
15	01
15	01
16	01
16	32
16	04
16	02
16	28
17	08
18	07
18	03
19	08
19	01
19	01
19	01
20	01
20	08
21	01
21	01
21	01
22	01
22	01
22	01
22	01
22	01
23	08
23	01
23	31
23	25
23	01
23	25
23	37
23	01
24	08
24	01
24	32
24	07
24	02
24	04
25	02
25	02
25	02
25	02
26	08
26	01
26	01
26	01
26	01
27	07
27	03
27	07
27	07
27	04
28	03
28	03
28	04
29	08
29	01
29	01
30	01
31	01
31	25
31	01
31	25
31	01
31	25
32	05
32	29
32	05
32	25
33	07
33	05
33	05
33	07
33	07
33	07
34	25
34	05
34	01
34	01
34	01
34	01
34	01
34	01
34	01
34	05
34	01
34	05
34	05
34	05
35	03
35	03
35	03
35	03
35	03
35	07
36	07
36	07
36	07
36	07
36	07
37	08
37	01
37	25
37	01
37	01
37	01
38	02
38	26
38	02
38	26
38	02
39	01
39	01
39	01
39	01
40	01
40	01
40	01
40	01
40	01
41	25
41	17
41	01
41	17
41	17
41	17
41	01
41	17
42	07
44	08
44	08
44	08
44	08
45	01
45	01
45	01
45	01
45	05
46	06
47	01
48	01
48	01
48	07
48	05
48	01
48	01
48	01
48	25
48	01
48	05
48	05
48	05
48	05
48	01
48	01
48	17
49	01
50	01
50	01
51	02
51	02
51	02
51	02
51	02
52	01
52	25
52	01
52	25
53	01
53	25
53	01
53	25
54	02
54	02
54	02
55	02
55	02
55	02
55	26
56	03
56	07
56	03
56	03
56	04
57	01
57	25
58	01
58	01
57	01
57	01
58	01
58	25
59	01
59	01
59	01
59	01
60	01
60	25
61	01
63	08
63	07
63	07
63	07
63	05
63	07
63	03
63	03
63	03
63	27
64	03
64	07
64	07
64	07
64	07
64	07
64	07
64	07
64	03
64	03
65	08
65	08
65	08
65	08
65	32
66	08
66	02
66	02
67	01
67	01
67	01
67	01
68	02
69	02
69	02
69	02
69	04
69	04
69	26
69	32
69	17
69	02
69	26
70	05
70	05
70	05
71	05
72	01
73	01
74	01
74	01
74	05
74	01
74	07
74	01
75	02
75	02
75	02
75	02
75	02
75	08
76	04
76	28
76	04
77	08
77	27
77	27
78	03
79	03
79	07
79	07
79	03
80	08
80	08
80	01
80	08
80	02
80	08
81	08
82	02
82	02
83	03
83	03
83	07
84	08
85	08
85	08
85	32
85	32
86	01
86	05
86	01
86	01
86	01
87	01
87	25
87	01
87	07
88	06
88	06
88	06
88	06
89	01
89	01
89	01
89	01
89	01
90	08
90	07
90	08
90	08
91	02
91	02
92	07
92	02
93	08
93	08
93	08
93	08
93	08
93	08
93	07
93	07
94	02
94	02
94	02
94	02
94	02
94	02
95	01
95	01
95	01
96	03
96	08
96	08
96	08
97	08
97	08
97	02
97	03
97	03
97	03
98	03
99	08
99	08
99	08
99	08
99	08
99	08
100	02
100	26
100	02
100	02
100	26
100	02
100	26
101	01
101	01
101	07
101	07
101	01
101	05
102	03
102	08
103	05
103	05
104	05
104	05
105	01
106	05
106	05
106	05
106	05
106	05
107	07
108	02
108	26
108	02
108	02
109	07
109	07
109	05
109	05
109	07
109	07
109	05
110	01
110	01
110	05
110	05
110	01
110	01
111	03
112	02
113	01
113	01
113	01
113	01
114	18
114	02
114	02
114	26
114	18
115	08
115	03
116	03
116	03
116	07
116	03
117	02
117	02
117	02
117	02
117	02
118	07
118	02
118	03
118	02
119	02
119	02
120	01
120	01
120	01
120	07
120	08
120	01
121	01
122	02
122	02
123	02
123	02
123	18
123	02
123	05
123	02
124	02
124	02
124	02
124	02
125	05
126	01
126	01
126	05
126	05
126	01
127	01
127	25
127	01
127	25
129	08
130	07
130	07
130	07
130	07
130	03
130	03
130	07
130	07
131	07
131	03
131	03
131	27
131	27
132	02
133	07
133	02
133	07
133	07
133	02
134	08
135	01
135	08
136	01
136	01
136	01
136	08
136	03
137	08
137	08
137	08
138	02
138	02
138	02
138	02
138	02
138	02
139	07
140	01
141	02
141	02
141	02
141	02
141	02
141	02
141	02
141	02
141	02
142	06
143	02
143	02
143	04
143	02
143	02
143	02
143	02
143	26
143	02
143	02
143	02
143	02
144	07
144	07
144	03
144	03
145	08
145	08
145	08
145	08
146	08
146	08
146	08
146	08
146	08
146	08
146	08
147	05
148	02
149	08
150	03
150	08
151	08
151	08
152	08
152	08
152	03
152	03
152	08
152	08
153	08
154	08
154	08
155	01
155	01
156	02
156	02
156	02
156	02
157	01
157	08
158	02
158	02
250	18
251	02
251	08
252	08
252	08
252	08
252	08
253	03
253	03
253	02
253	03
253	03
254	02
254	07
254	02
254	07
254	05
254	29
254	26
255	02
255	26
255	02
255	26
256	01
257	07
257	07
257	02
257	07
257	07
257	05
257	07
258	08
258	32
258	03
258	27
259	01
259	01
259	01
259	01
260	03
261	03
262	01
262	01
262	01
262	01
263	08
263	08
263	01
263	01
263	07
263	01
263	01
263	01
263	01
264	02
264	02
264	02
264	02
264	02
264	02
265	02
265	07
265	07
265	07
265	03
265	08
266	08
266	08
266	08
266	08
267	01
267	07
267	08
267	08
267	08
267	32
268	02
268	02
268	07
268	07
269	01
269	02
270	01
270	32
270	08
270	32
270	32
270	32
271	05
272	02
272	26
272	02
272	02
272	02
272	02
272	02
272	02
272	02
272	02
272	26
272	02
273	02
273	02
273	02
273	02
273	02
274	07
274	18
274	18
274	07
274	07
274	07
274	07
274	07
275	01
275	01
276	01
277	01
277	01
277	01
277	01
278	02
278	02
278	02
279	02
279	02
280	07
280	08
280	07
280	03
281	08
281	08
281	08
282	08
463	02
463	02
463	26
463	26
499	01
499	01
500	03
501	07
502	02
502	08
502	02
502	08
503	03
503	03
503	03
504	03
505	02
505	02
505	02
506	02
506	02
506	34
506	02
506	02
506	02
506	02
507	08
507	08
508	07
509	01
509	19
509	19
509	01
509	07
510	03
510	03
510	19
511	08
512	02
512	02
513	02
513	02
513	02
513	02
514	02
514	02
514	02
515	08
515	08
516	03
516	07
516	07
517	01
517	01
517	01
517	07
517	07
517	01
518	07
518	39
518	07
518	39
519	01
519	01
519	25
519	25
519	02
519	08
520	01
520	08
520	32
521	02
521	02
521	02
521	07
521	26
522	02
522	08
522	02
522	08
523	08
523	02
523	02
524	02
524	02
524	02
524	03
525	03
525	02
525	02
525	02
525	02
525	08
526	02
526	02
526	03
526	03
527	03
527	03
527	07
527	07
527	27
527	03
528	01
528	01
528	03
528	01
528	08
528	08
528	08
528	08
529	08
529	07
529	03
529	27
530	01
530	25
530	01
530	25
530	01
530	07
530	01
531	02
532	08
532	03
533	08
533	08
533	02
533	02
533	08
533	02
534	01
534	32
534	02
535	08
535	07
536	01
537	07
537	07
537	05
537	01
537	01
537	24
537	37
537	17
537	01
537	25
537	01
537	01
537	01
537	24
538	02
538	02
538	07
538	02
539	02
539	07
540	02
540	02
540	02
463	01
463	08
464	01
464	25
464	01
464	01
465	01
465	01
465	25
465	01
465	01
465	01
465	01
466	03
466	03
466	03
467	03
467	03
468	02
468	26
468	02
468	02
468	02
468	08
469	05
469	01
470	05
471	02
471	02
471	02
471	02
471	03
471	03
472	07
472	02
472	02
472	02
472	07
472	07
472	02
472	03
472	07
473	07
473	07
473	08
473	02
473	07
473	07
474	08
474	02
474	02
474	02
474	07
475	02
475	02
475	26
475	02
476	02
476	02
476	02
476	02
476	08
476	08
477	07
477	07
477	07
477	03
478	03
479	01
479	01
479	01
479	01
480	08
481	02
481	02
481	02
481	02
482	05
482	05
482	05
482	01
482	01
483	01
483	07
483	07
483	07
484	02
484	02
484	01
484	01
485	02
485	02
485	02
485	02
485	03
486	02
486	02
486	02
486	02
487	02
487	02
487	02
487	02
488	02
488	02
488	08
488	02
488	32
489	03
489	07
489	07
489	07
489	26
490	07
490	03
490	07
490	27
490	03
490	03
491	08
491	01
491	01
491	01
491	17
491	01
491	01
491	25
492	01
493	05
493	01
494	05
495	07
496	02
496	02
496	02
496	02
496	26
496	02
496	02
496	26
497	06
497	01
497	06
497	06
498	07
498	01
498	07
498	01
498	01
498	01
499	01
499	01
499	01
499	01
499	01
499	01
592	32
593	08
593	32
593	08
593	08
594	02
594	02
594	02
594	02
595	02
595	02
595	07
595	03
595	03
595	27
596	99
596	19
596	03
596	27
597	03
597	03
597	02
597	02
598	02
598	02
598	02
599	01
599	01
599	01
599	03
600	01
600	01
600	01
601	02
601	02
601	02
601	02
602	02
602	26
603	08
603	01
604	02
604	02
604	02
604	19
604	02
605	02
605	27
605	27
605	03
606	03
606	03
606	07
606	07
607	02
607	26
608	08
609	07
610	08
610	08
610	01
610	01
610	01
611	32
611	02
611	08
611	32
611	26
611	32
612	01
612	01
612	01
613	01
613	01
614	33
615	01
615	01
615	01
616	02
616	26
617	02
617	27
618	02
618	02
618	02
618	02
619	07
620	02
620	02
620	19
620	27
621	07
621	07
622	02
622	02
622	03
622	03
623	02
623	02
623	02
623	32
623	32
623	32
624	01
624	01
624	01
624	01
624	01
624	01
624	07
624	01
625	01
625	01
626	01
626	02
626	01
626	01
626	01
626	26
626	08
626	08
626	01
626	01
626	01
627	08
628	99
628	08
628	08
629	08
629	01
629	02
629	32
629	32
629	01
630	02
630	02
630	27
630	02
631	02
631	02
632	99
632	02
633	08
633	02
633	02
633	02
634	01
634	01
634	07
634	07
634	19
635	08
635	08
636	08
636	32
636	01
636	01
637	07
637	07
637	08
637	07
638	02
638	02
638	07
638	07
639	08
639	08
639	02
639	08
640	02
640	03
641	02
641	02
641	07
641	32
642	03
642	02
642	27
642	03
643	02
644	01
644	01
644	07
644	01
645	01
645	01
645	01
646	01
647	08
647	08
647	08
647	08
647	08
647	32
648	02
648	02
648	26
648	26
648	18
648	26
648	02
648	26
649	02
649	02
649	02
649	02
650	19
650	19
650	07
650	07
650	19
650	07
650	19
651	02
651	02
651	03
652	02
652	02
652	07
652	02
652	03
653	02
653	02
653	03
654	02
654	02
655	19
655	19
656	07
656	07
657	01
657	07
657	07
657	01
658	08
658	08
658	32
658	32
659	01
659	01
660	02
660	02
660	26
661	02
661	02
661	02
662	01
662	25
662	03
662	19
663	01
663	01
664	02
664	08
664	32
664	32
664	32
665	01
665	08
666	02
666	02
666	08
666	08
667	08
668	07
668	02
668	32
669	01
669	01
670	07
671	07
671	26
671	02
671	04
672	08
672	07
672	19
672	07
672	07
672	19
673	99
673	07
673	07
673	07
673	03
673	07
674	03
674	19
674	19
674	32
675	08
675	32
675	08
675	08
675	01
675	08
676	02
676	02
676	02
676	02
676	26
676	03
676	02
676	02
677	07
678	08
679	03
679	02
679	08
680	03
680	03
680	03
680	03
680	03
680	02
680	03
681	27
681	27
681	27
681	27
681	03
681	03
681	27
681	32
681	03
681	07
682	05
682	02
682	07
682	07
682	07
683	08
683	03
683	02
683	07
684	02
684	27
684	02
684	02
685	02
685	02
686	08
686	07
686	03
686	03
687	02
687	07
687	07
687	07
688	02
688	07
688	02
688	02
689	07
689	07
689	07
690	01
690	01
690	01
690	33
691	08
692	08
692	02
692	02
693	02
693	02
693	18
694	02
694	26
694	02
694	26
695	08
695	07
695	02
696	08
696	08
696	08
697	07
697	26
697	02
697	02
697	26
698	07
698	07
699	07
699	32
699	08
699	02
700	08
701	07
701	07
701	04
701	08
701	02
701	07
702	07
702	08
702	07
702	07
702	07
703	07
703	07
703	06
703	02
703	26
703	06
703	06
704	07
705	08
705	07
706	02
706	07
707	02
707	02
707	26
708	08
708	08
708	32
709	07
709	32
709	08
709	32
710	01
710	25
711	03
711	27
711	01
712	19
712	08
713	07
713	31
714	08
714	08
714	07
714	07
715	02
715	02
715	07
716	02
716	02
716	03
717	07
718	08
718	32
718	08
719	08
719	08
719	08
719	02
719	08
720	01
720	25
720	01
720	25
721	02
721	26
722	07
722	07
722	07
722	07
722	07
723	08
723	32
723	32
723	32
724	08
724	07
724	07
724	07
724	32
725	19
725	07
725	07
725	07
725	26
725	25
725	08
725	01
725	02
726	07
726	07
726	07
726	07
726	18
726	02
726	19
727	01
727	02
727	02
727	26
728	04
728	08
728	08
728	08
728	04
728	01
729	02
729	26
729	02
729	26
729	02
729	02
729	02
729	02
729	26
730	08
730	08
730	08
730	32
656	07
541	08
541	08
542	02
543	01
543	01
543	01
543	01
543	07
543	01
544	01
544	39
544	19
545	01
545	01
545	01
546	07
547	02
548	02
548	19
548	19
549	08
550	02
551	02
551	02
552	02
552	02
552	03
552	03
553	02
553	02
553	02
554	08
554	03
554	02
554	08
555	02
555	02
556	03
556	03
557	02
557	02
557	26
557	02
557	02
558	02
558	26
558	31
558	21
558	26
559	01
559	01
559	01
560	01
560	08
560	08
560	07
561	07
561	07
561	07
561	07
561	07
562	02
562	02
562	02
562	08
563	02
563	02
563	02
564	02
564	02
564	07
564	02
565	07
565	01
565	01
565	01
565	01
566	27
566	03
566	03
566	07
566	07
566	07
567	02
567	02
568	03
568	03
569	02
569	02
569	08
569	07
569	08
570	02
570	02
570	02
570	02
570	03
571	07
572	08
572	08
572	08
573	08
573	07
573	08
573	27
573	03
573	07
574	27
574	03
574	03
575	03
575	27
575	03
576	03
576	03
577	03
578	02
578	02
579	07
579	02
580	08
580	08
581	02
581	02
581	02
582	01
583	34
583	02
583	02
583	02
584	02
584	02
584	02
585	03
585	03
585	07
586	02
586	02
587	08
587	02
587	02
587	03
588	08
588	01
588	01
589	08
589	08
590	99
590	02
590	02
590	02
591	08
591	02
591	08
592	07
592	07
732	08
732	07
732	31
733	08
733	26
733	07
733	26
734	07
734	31
734	07
735	07
735	07
735	19
735	07
735	02
736	07
736	25
736	07
736	25
737	02
737	02
737	02
737	26
738	01
739	08
739	32
739	01
739	25
740	02
740	02
740	03
740	03
741	07
742	07
742	31
742	31
742	07
742	31
743	01
743	07
743	33
743	01
744	02
744	07
744	31
744	07
744	07
744	26
745	02
745	02
745	02
745	26
745	07
745	26
746	03
746	02
746	07
746	02
746	07
746	07
747	04
747	02
747	08
748	01
748	01
748	01
748	04
748	08
749	05
750	07
750	07
750	23
750	07
750	26
750	05
750	26
751	02
751	02
752	07
752	07
752	07
752	31
752	02
753	07
753	07
753	07
753	07
753	31
754	02
754	27
754	07
755	07
755	31
755	02
755	18
756	05
756	05
756	05
756	29
756	05
757	19
758	07
758	02
758	07
758	07
758	02
759	03
759	03
759	03
760	02
760	26
760	03
760	02
761	07
761	07
762	02
762	02
762	02
762	02
763	05
763	07
764	02
764	03
764	27
765	06
765	02
765	06
765	06
766	02
766	07
766	02
767	02
767	02
767	02
767	02
768	07
768	07
768	31
768	31
769	02
769	02
769	02
769	26
769	02
769	07
769	07
769	02
770	06
770	30
770	02
770	01
771	08
771	02
771	02
771	07
772	07
772	39
772	31
773	02
773	02
773	02
773	02
773	02
774	02
774	03
775	03
775	07
776	02
776	02
776	26
777	03
777	34
777	19
777	19
777	02
778	02
778	03
778	02
778	03
779	06
779	06
779	26
779	01
779	01
779	01
779	30
780	02
780	02
781	01
781	01
781	02
781	01
782	02
782	02
783	07
783	07
783	07
783	07
784	01
784	01
784	08
784	32
784	08
785	01
785	07
785	01
785	01
786	03
786	19
786	19
787	19
787	19
787	07
787	07
787	19
788	03
788	27
788	07
788	31
789	02
789	02
789	02
789	19
790	07
790	07
790	07
790	02
791	07
792	01
792	01
792	01
793	01
794	06
794	01
794	06
794	02
794	06
794	30
794	32
795	06
795	06
795	06
795	06
795	03
795	06
796	26
796	01
796	25
796	01
796	01
796	25
797	19
797	03
797	03
797	07
797	03
797	03
797	03
797	07
797	07
797	07
798	08
798	08
798	32
798	08
798	32
799	02
799	08
799	08
799	32
799	08
799	32
799	08
799	08
799	26
800	39
801	02
801	02
801	02
801	19
802	07
802	07
802	02
802	26
802	39
802	31
803	08
804	02
804	03
804	02
804	06
805	01
805	07
805	01
805	17
806	39
806	07
806	07
806	07
807	08
807	08
807	02
807	08
808	31
807	07
808	31
808	26
809	07
809	31
809	07
809	27
810	07
810	02
811	07
812	02
813	03
814	01
815	01
815	25
815	04
815	25
816	01
817	07
817	07
817	39
818	07
818	31
818	07
818	07
819	02
819	02
819	02
819	02
820	08
821	07
821	31
822	03
822	07
822	02
823	01
824	01
824	07
824	07
824	17
825	07
825	07
825	07
825	07
826	01
826	31
826	21
826	33
827	07
827	31
827	26
828	02
828	02
828	23
828	26
828	07
829	03
829	03
829	08
829	32
830	07
831	02
831	02
831	02
831	18
832	02
832	02
832	07
832	07
832	19
832	07
832	02
832	07
833	02
833	02
833	02
833	18
834	02
834	26
834	02
834	02
834	02
834	02
835	07
836	01
837	01
837	31
837	25
837	07
837	01
838	01
838	01
838	31
838	07
838	31
838	07
838	07
839	02
839	02
839	26
839	02
839	26
839	07
839	02
840	06
840	06
840	30
840	06
840	06
840	06
841	07
841	31
841	31
841	26
841	31
841	26
841	26
842	02
842	02
842	18
843	02
843	02
844	07
844	07
844	39
845	26
845	07
845	26
846	01
846	05
846	07
846	07
847	03
847	02
847	19
848	03
848	03
849	39
849	07
849	07
849	07
850	07
850	02
850	03
851	03
851	03
851	03
851	02
851	02
851	07
852	02
852	02
852	07
852	04
852	02
852	02
852	02
853	02
853	07
853	07
853	07
854	03
854	07
854	07
854	32
855	03
856	19
856	19
856	03
856	11
856	19
857	08
857	32
857	32
857	08
857	32
858	07
858	07
858	07
858	18
859	03
859	03
859	03
859	03
859	02
859	07
860	19
861	03
861	03
861	03
861	03
861	07
861	07
862	02
862	02
862	02
862	02
862	02
862	02
863	06
864	01
864	25
864	25
864	01
864	25
865	07
865	07
865	02
865	07
865	07
865	39
866	07
866	07
866	02
866	02
866	07
866	07
866	19
867	07
867	07
867	02
867	26
868	03
868	03
868	02
868	19
869	01
869	01
869	01
869	01
869	07
870	07
870	07
870	07
870	01
871	01
871	01
871	01
872	08
872	07
872	08
873	08
873	03
873	07
873	07
874	01
874	01
874	01
874	01
875	01
875	01
875	01
876	01
876	01
876	01
877	02
877	02
877	02
877	02
878	08
878	01
878	01
878	08
878	08
879	08
880	08
880	02
880	02
880	02
880	02
881	02
881	02
881	02
881	02
881	26
882	02
882	02
882	27
883	03
883	03
883	08
883	08
884	08
884	08
884	08
885	02
886	01
886	01
886	19
887	01
887	01
887	01
887	01
887	01
887	01
887	01
888	01
888	25
888	08
888	32
889	02
889	02
889	02
889	02
890	05
890	29
890	01
890	05
890	05
891	01
891	01
892	01
893	02
893	02
893	19
893	02
894	03
894	03
894	03
894	03
894	27
895	02
895	02
895	07
895	07
896	01
896	19
897	01
897	01
897	01
897	01
898	19
899	08
900	07
900	07
900	07
900	07
900	07
900	07
901	03
901	19
901	02
901	07
901	19
901	02
901	19
902	34
902	07
902	02
902	02
902	02
902	02
902	07
902	02
902	02
902	19
903	19
903	19
903	19
903	19
904	03
904	19
904	03
904	07
905	08
905	27
905	03
906	02
906	02
906	02
906	02
906	07
906	02
906	03
906	02
907	07
907	07
907	40
908	03
909	08
909	01
909	01
909	01
910	02
910	02
911	02
911	02
911	02
911	02
912	01
912	01
912	01
912	01
913	07
913	03
913	07
914	07
914	03
915	05
915	05
915	05
915	05
916	02
916	02
916	02
916	02
917	01
917	01
917	01
917	01
918	03
918	19
918	03
919	27
919	02
919	02
920	02
920	02
920	03
920	07
920	04
920	08
921	03
921	03
921	03
921	03
922	08
922	03
922	01
922	01
923	01
923	01
923	01
923	05
923	05
923	01
924	29
924	25
924	01
924	21
925	08
925	01
925	01
926	04
926	28
926	02
926	02
927	02
927	02
927	02
927	02
928	08
929	02
929	02
930	08
930	08
930	08
930	08
931	08
931	08
932	07
932	03
932	07
932	03
933	02
933	02
933	02
933	02
933	02
934	03
935	01
935	01
935	01
935	01
935	05
935	25
936	04
936	04
936	07
936	07
936	07
936	28
937	08
937	03
937	08
937	08
938	08
938	08
938	08
938	08
938	08
939	01
939	01
940	07
940	03
940	02
940	02
941	31
941	31
941	01
942	02
942	02
942	02
942	08
942	02
943	01
943	01
943	01
943	01
943	01
944	03
944	01
944	01
944	07
945	03
945	03
945	03
945	02
945	02
946	08
946	08
947	08
947	08
947	08
947	01
947	03
947	01
948	07
948	07
949	01
949	08
949	02
949	01
950	02
950	03
951	02
951	02
951	26
952	03
952	03
952	03
952	03
952	03
953	02
953	02
953	02
954	08
955	01
955	01
955	08
955	02
955	01
956	08
956	08
957	07
957	05
957	06
958	08
958	08
958	02
958	02
958	02
958	02
959	08
959	08
959	33
959	19
959	01
960	02
960	08
961	01
961	01
961	01
961	01
961	01
961	01
962	02
963	02
963	02
963	40
963	01
964	01
965	02
965	02
965	02
965	02
965	02
966	01
966	01
966	01
966	01
966	01
966	01
966	01
966	01
966	01
966	01
967	08
967	07
967	03
967	07
968	08
968	03
968	03
969	08
969	08
969	26
969	26
969	04
969	02
969	02
969	04
969	01
969	07
969	08
969	08
969	08
969	32
969	08
969	02
969	34
969	08
970	07
971	08
971	03
971	08
971	08
972	01
972	19
972	19
972	27
972	03
972	03
972	01
973	02
974	02
975	01
976	08
976	08
976	08
977	02
977	02
977	02
977	02
977	02
978	01
979	03
979	02
979	07
980	02
981	02
981	02
981	03
981	02
982	08
982	08
982	01
983	08
983	32
983	03
983	25
983	08
983	32
984	02
984	02
984	02
984	08
985	02
985	02
985	02
986	07
986	08
986	03
986	07
987	07
987	26
988	07
988	07
988	07
988	07
988	07
988	07
988	07
988	07
988	07
988	31
988	07
988	31
988	07
988	07
988	07
988	07
988	07
988	07
988	07
989	02
989	02
989	34
990	07
991	03
991	27
991	01
992	01
992	01
992	01
993	01
993	01
993	01
993	25
994	08
995	08
995	08
995	02
995	02
995	02
995	02
996	01
996	01
997	01
997	01
997	01
997	07
997	01
998	02
999	02
999	02
999	02
999	02
999	02
999	26
999	02
999	26
999	26
999	26
1000	02
1001	08
1001	07
1001	07
1001	03
1001	07
1002	02
1002	26
1003	08
1003	08
1003	08
1003	08
1004	02
1004	08
1004	07
1004	07
1004	02
1005	03
1006	02
1005	02
1006	02
1006	02
1006	02
1006	02
1006	02
1007	07
1007	39
1007	07
1007	39
1007	03
1007	03
1008	01
1008	33
1008	01
1008	25
1009	01
1009	01
1009	19
1010	01
1010	01
1010	01
1010	01
1010	01
1011	01
1011	01
1011	01
1011	05
1011	01
1012	01
1012	01
1012	03
1012	27
1013	01
1013	01
1013	07
1013	01
1013	01
1014	02
1014	02
1015	02
1015	02
1015	02
1016	03
1016	03
1016	07
1016	07
1017	03
1017	03
1018	02
1019	02
1019	02
1019	07
1019	02
1020	02
1020	02
1020	02
1020	02
1021	02
1021	02
1021	02
1021	02
1021	02
1021	02
1021	26
1022	02
1022	02
1022	02
1023	02
1023	02
1023	02
1023	02
1024	07
1025	01
1025	01
1025	01
1026	02
1026	07
1026	02
1027	02
1027	08
1027	03
1028	02
1028	08
1029	02
1029	02
1029	02
1029	02
1029	02
1029	02
1029	02
1029	02
1029	02
1029	27
1030	03
1030	27
1030	08
1030	32
1031	02
1031	02
1031	02
1031	02
1032	02
1032	26
1032	02
1032	26
1033	01
1033	01
1033	03
1033	01
1033	27
1034	27
1034	19
1034	19
1034	03
1034	19
1034	03
1035	03
1035	03
1035	02
1036	02
1036	02
1036	02
1037	02
1038	02
1038	02
1038	02
1038	02
1038	02
1039	03
1039	03
1039	02
1040	02
1040	27
1040	02
1040	02
1041	01
1041	01
1041	33
1041	01
1041	27
1042	01
1042	01
1042	01
1042	01
1043	02
1043	02
1044	02
1044	02
1045	07
1045	07
1045	07
1045	07
1046	02
1046	02
1046	19
1046	34
1046	02
1047	03
1047	02
1047	03
1048	02
1048	08
1048	02
1048	08
1049	01
1049	19
1050	03
1050	01
1050	07
1050	19
1051	08
1052	08
1052	08
1052	08
1052	08
1052	08
1052	32
1053	33
1053	01
1053	33
1054	02
1054	02
1054	02
1054	02
1054	02
1055	08
1056	02
1056	02
1056	27
1057	02
1057	07
1057	02
1057	07
1058	01
1058	07
1058	25
1059	27
1059	19
1059	07
1059	07
1059	19
1059	07
1059	19
1060	08
1060	08
1060	08
1060	32
1060	32
1061	08
1061	07
1061	04
1061	07
1062	02
1062	02
1062	02
1062	02
1062	31
1063	01
1063	01
1063	01
1064	01
1064	07
1064	07
1064	07
1065	03
1065	02
1065	19
1065	07
1065	02
1065	34
1065	02
1065	32
1066	03
1067	02
1067	02
1067	02
1067	02
1067	02
1068	07
1068	08
1068	02
1068	02
1068	08
1068	08
1068	02
1068	02
1068	08
1068	01
1069	01
1069	07
1069	25
1069	01
1069	07
1069	01
1069	17
1070	07
1070	07
1070	07
1070	07
1070	07
1070	07
1071	07
1071	07
1072	02
1072	02
1072	02
1072	07
1073	02
1073	07
1073	19
1074	02
1074	02
1074	07
1074	07
1074	07
1074	07
1074	07
1074	07
1074	07
1074	07
1075	02
1075	02
1075	03
1075	02
1075	07
1075	19
1076	02
1077	02
1078	02
1078	02
1079	02
1079	02
1079	04
1079	02
1080	07
1080	07
1080	01
1081	02
1081	02
1081	02
1081	26
1082	08
1082	07
1082	31
1083	02
1084	02
1085	02
1085	26
1085	07
1085	07
1086	03
1086	02
1086	19
1086	03
1086	19
1087	07
1087	07
1087	07
1087	07
1088	01
1088	01
1088	01
1088	01
1089	07
1089	07
1090	02
1090	27
1090	27
1090	07
1090	02
1091	06
1091	30
1091	02
1091	26
1091	07
1091	31
1092	02
1092	07
1093	02
1093	02
1093	07
1093	27
1094	02
1094	07
1094	02
1094	02
1095	07
1096	07
1096	07
1096	02
1096	27
1097	07
1097	07
1097	07
1098	02
1098	02
1098	27
1099	07
1099	07
1100	01
1100	03
1100	01
1100	07
1101	27
1101	07
1101	07
1101	07
1102	02
1102	02
1102	02
1103	01
1103	01
1103	01
1103	08
1104	01
1104	01
1104	01
1105	02
1106	07
1106	07
1106	07
1106	19
1107	02
1107	07
1107	31
1107	07
1107	07
1107	07
1107	07
1107	07
1108	07
1108	26
1108	02
1109	02
1110	01
1110	29
1110	01
1110	01
1110	25
1111	02
1111	07
1111	31
1111	07
1111	07
1111	06
1111	02
1112	03
1112	27
1112	27
1112	19
1113	01
1113	01
1114	07
1114	07
1114	31
1114	07
1114	31
1114	31
1115	03
1115	19
1115	03
1115	27
1115	07
1115	27
1116	03
1116	19
1116	02
1116	06
1116	19
1117	01
1117	01
1117	25
1117	01
1117	01
1117	01
1117	25
1118	01
1118	01
1118	05
1118	01
1118	01
1118	25
1118	05
1118	05
1118	01
1118	25
1118	07
1119	02
1119	02
1119	02
1119	02
1119	02
1119	02
1120	27
1120	03
1120	04
1121	08
1121	01
1121	01
1122	02
1122	02
1123	33
1123	01
1123	01
1123	01
1124	01
1124	01
1124	01
1124	01
1124	01
1124	01
1125	01
1125	25
1125	01
1125	25
1126	08
1127	08
1127	08
1128	08
1128	08
1128	07
1128	27
1128	07
1128	07
1129	01
1129	01
1130	08
1130	08
1130	08
1130	08
1131	08
1132	01
1132	01
1132	01
1132	01
1133	07
1133	07
1134	03
1134	07
1134	07
1134	07
1135	02
1135	02
1135	02
1135	02
1135	02
1135	02
1135	02
1136	02
1136	02
1136	02
1136	19
1137	02
1137	02
1137	27
1138	01
1138	08
1138	07
1138	08
1139	07
1139	08
1140	03
1140	27
1140	07
1140	07
1140	27
1141	07
1142	01
1142	05
1143	05
1143	29
1143	05
1143	05
1143	05
1144	01
1144	08
1144	08
1144	08
1144	07
1144	08
1144	07
1144	08
1144	01
1144	08
1145	01
1145	01
1145	01
1145	25
1146	07
1146	08
1146	08
1146	08
1147	07
1147	07
1147	07
1148	07
1149	07
1149	01
1149	07
1149	07
1149	07
1150	01
1150	01
1150	01
1150	01
1151	01
1152	25
1152	01
1153	08
1153	40
1153	08
1154	08
1155	07
1155	07
1155	07
1155	07
1156	01
1156	33
1157	02
1158	02
1158	02
1159	03
1160	02
1161	08
1161	03
1161	27
1162	01
1163	05
1163	05
1164	07
1164	07
1164	07
1164	07
1165	08
1165	01
1165	01
1165	01
1166	08
1166	01
1167	27
1167	02
1167	02
1167	02
1168	03
1168	03
1169	08
1170	01
1171	39
1171	07
1171	07
1172	08
1172	03
1173	02
1173	27
1173	02
1174	19
1175	07
1175	31
1175	08
1176	01
1176	01
1176	25
1176	25
1176	25
1177	02
1177	26
1177	02
1177	02
1178	08
1178	08
1179	07
1180	08
1180	07
1181	01
1181	01
1182	01
1182	01
1183	01
1183	33
1184	01
1184	19
1185	02
1186	08
1186	01
1186	08
1187	03
1187	03
1188	01
1188	25
1189	03
1190	03
1190	03
1191	33
1192	01
1192	01
1193	01
1193	01
1193	01
1194	01
1195	02
1195	02
1195	02
1196	02
1197	08
1197	08
1198	07
1199	01
1199	01
1199	01
1199	01
1199	01
1199	01
1200	02
1200	31
1200	32
1201	07
1201	07
1201	07
1202	02
1203	02
1203	02
1203	07
1203	02
1204	07
1205	01
1205	33
1205	01
1205	01
1206	19
1206	02
1206	08
1207	02
1207	02
1207	02
1208	03
1208	27
1208	03
1209	07
1209	02
1210	02
1210	02
1211	02
1211	02
1212	19
1212	19
1212	01
1213	01
1213	19
1213	01
1214	08
1214	40
1214	40
1215	08
1215	07
1215	07
1215	08
1216	05
1217	19
1218	08
1218	02
1218	02
1218	02
1219	08
1219	02
1219	26
1219	32
1220	02
1220	02
1220	02
1220	26
1221	02
1221	02
1221	02
1221	02
1222	08
1222	32
1223	25
1223	01
1223	05
1223	01
1224	01
1224	01
1224	01
1225	03
1225	07
1226	02
1227	05
1228	05
1229	01
1229	01
1230	08
1230	32
1230	08
1230	08
1231	08
1231	01
1231	01
1231	27
1232	02
1233	02
1233	26
1233	02
1233	26
1233	32
1234	02
1234	02
1234	02
1234	26
1235	02
1235	02
1235	02
1235	02
1236	03
1236	08
1236	27
1237	08
1237	07
1237	03
1238	02
1238	02
1238	03
1239	02
1239	02
1240	02
1240	03
1240	07
1240	08
1241	02
1241	02
1241	02
1241	02
1242	01
1242	01
1242	27
1243	02
1243	02
1243	02
1243	02
1244	02
1244	02
1244	02
1244	02
1245	01
1245	01
1245	01
1246	01
1246	01
1246	01
1247	01
1247	01
1247	01
1247	01
1248	02
1248	08
1248	02
1248	26
1249	03
1249	27
1249	03
1250	02
1250	02
1251	02
1251	02
1251	02
1252	08
1252	08
1252	26
1252	08
1252	08
1253	01
1253	29
1253	07
1254	07
1254	02
1254	31
1255	02
1255	02
1255	23
1255	26
1255	07
1256	08
1256	03
1256	08
1256	07
1257	07
1258	02
1258	26
1258	26
1259	08
1260	07
1260	07
1260	08
1261	07
1261	03
1261	07
1261	03
1261	03
1262	08
1262	32
1262	02
1262	08
1263	08
1263	02
1263	08
1263	02
1263	08
1263	08
1264	02
1264	26
1264	02
1264	26
1264	03
1264	02
1264	02
1264	02
1264	02
1265	01
1265	01
1265	01
1265	08
1265	32
1265	24
1266	08
1266	07
1266	07
1266	07
1266	08
1266	07
1267	01
1267	08
1267	08
1268	08
1268	26
1268	23
1268	07
1268	26
1268	26
1269	07
1269	07
1269	07
1269	07
1269	07
1270	07
1270	07
1270	07
1270	07
1270	07
1270	32
1271	08
1271	25
1271	01
1271	24
1271	32
1271	25
1271	32
1271	01
1271	08
1271	25
1271	32
1271	25
1272	02
1272	02
1272	02
1272	02
1272	02
1272	02
1272	02
1272	26
1273	07
1273	03
1273	07
1273	07
1273	03
1273	02
1274	01
1275	07
1275	07
1275	07
1275	07
1275	07
1275	01
1275	07
1275	07
1275	07
1275	07
1276	40
1276	08
1276	01
1276	08
1277	08
1278	03
1278	03
1278	07
1278	26
1279	19
1279	07
1280	03
1280	03
1280	03
1281	03
1281	26
1281	02
1281	26
1282	01
1282	01
1282	01
1283	01
1284	07
1284	07
1284	07
1285	01
1285	01
1285	01
1285	01
1286	02
1286	26
1286	02
1286	01
1286	27
1287	03
1287	27
1287	02
1287	27
1288	08
1288	26
1288	08
1288	32
1289	01
1289	08
1289	08
1290	08
1291	08
1291	03
1292	08
1292	02
1292	26
1293	08
1293	08
1293	01
1293	01
1294	07
1294	07
1294	07
