Story ID	Ranking	Subject (What)	Event Initiator	Tone
159	M	005	01	34
159	S	191	24	19
159	S	046	71	40
160	1	048	09	34
160	M	430	09	34
160	M	002	09	34
161	M	121	01	34
161	1	100	01	34
161	S	072	01	34
162	1	430	53	32
162	S	166	53	27
162	S	164	53	32
163	1	095	53	40
163	1	060	53	40
163	1	121	53	40
164	1	360	53	25
164	M	234	53	25
164	S	430	53	25
164	S	091	53	32
158	1	160	55	39
165	1	160	55	39
165	1	027	01	34
166	1	011	71	40
166	M	002	71	40
166	S	045	01	34
166	S	005	71	40
167	1	002	71	40
167	S	430	13	27
167	S	028	24	35
167	S	466	52	32
168	1	002	71	40
168	S	121	53	32
168	S	234	53	32
169	1	002	03	33
169	M	093	71	40
170	1	001	74	40
170	M	002	71	40
170	M	082	05	19
171	1	001	71	32
172	1	045	01	34
172	S	011	01	34
173	1	001	74	40
173	S	201	04	17
173	S	209	02	18
173	S	045	71	40
173	S	016	24	19
173	S	005	71	40
173	S	011	71	40
173	S	093	71	40
173	S	225	74	32
174	1	064	03	33
174	M	045	03	33
174	S	201	04	25
175	1	205	09	25
176	1	120	53	40
176	1	001	53	40
176	M	060	53	40
176	M	002	53	32
176	S	005	53	40
176	S	014	53	27
177	1	096	53	32
177	S	234	53	24
177	S	048	53	40
178	S	072	53	26
178	S	370	53	26
178	M	483	53	18
178	1	353	53	26
179	1	243	37	05
179	1	312	37	05
180	1	300	53	25
180	1	420	53	25
181	1	001	74	40
181	M	002	71	40
181	S	045	71	40
181	S	201	04	17
181	S	016	24	19
181	S	026	03	33
182	1	001	71	40
182	M	045	71	40
183	1	001	71	32
183	M	096	71	32
183	S	081	05	27
184	1	001	01	34
184	M	011	01	34
184	S	016	24	19
184	S	064	01	34
184	S	045	01	34
185	1	001	74	26
185	M	014	05	27
186	1	430	09	26
187	1	201	04	25
187	1	209	02	26
188	M	264	41	29
188	S	243	37	29
188	1	265	41	29
188	S	262	41	29
189	1	243	37	37
189	S	241	37	37
189	S	234	37	37
189	S	148	37	37
190	1	243	37	29
190	M	021	37	25
190	S	248	49	21
191	1	240	53	37
191	S	300	53	17
191	M	283	53	18
191	S	351	53	17
191	S	280	53	17
192	1	182	74	31
192	S	185	07	31
193	M	430	13	35
193	M	166	13	27
193	M	002	71	32
194	1	001	74	40
194	M	014	05	27
194	M	191	24	40
194	S	431	71	40
194	S	465	52	40
194	S	082	05	19
194	S	005	71	40
195	1	011	01	34
195	M	005	01	34
195	M	045	01	34
195	S	382	01	26
196	1	001	71	32
196	M	045	01	34
196	M	096	71	32
196	S	081	72	24
197	1	002	71	32
197	M	011	71	40
197	M	226	72	24
197	S	082	05	27
198	1	002	71	32
198	S	034	71	32
199	1	001	74	32
199	M	211	02	24
199	S	195	05	19
199	S	166	13	19
199	S	015	05	35
199	M	226	72	24
199	S	002	71	32
200	M	211	10	18
200	M	190	10	18
200	1	353	09	18
200	S	164	09	26
201	1	202	02	24
201	1	233	02	24
201	M	405	53	24
201	M	064	02	24
201	S	407	53	24
202	1	233	53	32
202	1	096	53	32
202	M	093	53	40
203	1	051	05	24
203	1	015	13	35
203	M	003	13	24
203	S	102	13	27
203	S	166	13	27
203	S	232	13	24
204	M	051	05	27
204	S	002	71	40
204	1	001	74	32
204	S	166	13	27
204	S	015	13	35
205	1	001	74	24
205	M	171	72	24
205	M	163	11	17
205	S	015	05	35
205	S	081	05	24
205	S	038	03	17
205	S	037	03	27
205	S	011	03	33
206	1	001	03	24
206	M	096	03	32
206	S	014	03	27
207	1	200	53	32
207	S	182	53	31
208	1	001	71	32
208	M	203	04	17
208	S	190	04	25
209	1	001	74	24
209	S	211	02	18
209	S	015	05	35
209	S	016	24	19
1	1	350	11	25
1	1	090	11	25
1	M	242	11	17
1	M	136	11	25
1	S	284	11	23
2	M	136	53	25
2	M	242	53	25
2	S	321	53	25
2	S	285	53	25
2	S	291	53	25
3	1	090	71	24
3	M	291	74	24
3	S	276	72	24
3	S	370	74	26
3	S	148	74	26
4	1	284	17	24
5	1	291	74	25
5	M	284	17	25
5	M	273	74	25
6	1	090	74	27
6	1	466	52	27
6	S	175	59	27
6	S	270	13	27
6	S	135	13	35
7	1	090	74	31
7	S	186	64	31
7	S	166	13	27
7	S	435	53	27
8	1	136	53	25
8	M	291	53	17
8	S	288	53	17
8	S	049	53	17
8	S	405	53	25
9	1	350	11	25
9	M	242	11	25
9	M	241	11	25
9	S	411	53	25
10	1	090	74	01
10	M	124	03	01
11	1	090	74	25
11	1	026	03	25
11	M	046	03	25
11	S	136	74	25
11	S	170	71	25
12	1	122	53	19
12	1	102	53	19
12	M	405	53	19
12	S	166	53	19
12	S	384	53	19
12	S	411	53	31
12	S	081	53	27
13	1	273	17	17
13	M	274	17	18
14	1	350	11	25
14	M	273	74	25
14	M	241	11	25
14	M	242	11	25
15	1	350	11	17
15	M	242	11	17
15	S	090	11	25
16	1	090	71	32
16	M	291	74	32
16	S	148	74	32
17	1	094	53	40
17	M	060	53	40
17	M	061	53	40
18	1	090	74	27
18	M	466	52	32
6	S	014	05	27
18	M	014	05	27
18	S	461	52	24
18	S	292	15	28
19	1	026	03	40
20	1	061	71	40
20	S	405	71	40
20	S	090	71	08
20	S	026	03	33
21	1	090	74	26
21	1	027	01	26
22	1	090	74	25
22	M	483	74	25
22	S	384	11	19
23	1	090	71	25
23	1	350	11	25
23	M	242	11	17
24	1	090	71	32
24	1	291	74	32
24	S	148	74	32
25	1	090	09	26
25	M	370	09	26
25	M	164	09	26
25	S	283	09	26
26	1	090	71	25
26	1	026	03	33
26	S	017	03	33
26	S	050	03	25
27	1	090	74	27
27	S	014	13	27
27	S	466	52	31
27	S	292	74	31
27	S	386	15	28
28	1	090	74	27
28	S	102	13	27
28	S	386	15	28
29	1	027	01	26
29	1	090	74	26
29	S	072	01	26
29	S	234	01	26
30	1	242	11	17
31	M	241	11	17
31	M	242	11	17
31	1	350	11	17
31	M	360	53	17
32	1	351	53	17
32	M	411	53	17
32	S	242	53	17
33	1	300	53	25
33	S	407	53	25
33	S	243	53	17
33	S	312	53	17
34	1	350	11	25
34	M	241	11	25
34	M	242	11	25
34	M	148	11	25
34	S	394	11	25
34	S	136	11	25
34	S	243	37	17
35	1	090	74	27
35	1	166	13	27
35	M	435	13	27
36	1	090	74	19
36	M	451	52	19
36	M	051	74	19
36	S	467	52	19
36	S	400	52	19
36	S	384	52	19
37	1	090	74	25
37	1	027	03	25
37	S	148	03	33
37	S	017	03	25
37	S	013	04	25
38	1	090	71	26
38	1	353	09	26
38	M	384	01	19
38	S	396	09	26
38	S	037	09	19
38	S	252	09	18
38	S	164	09	26
39	1	395	11	25
39	M	386	11	19
39	S	483	74	25
40	1	350	53	25
40	M	242	53	25
40	S	285	11	25
40	S	325	11	25
40	S	321	11	25
40	S	453	11	25
41	1	350	53	25
41	M	242	53	25
41	M	325	11	17
41	S	140	11	25
41	S	137	11	25
42	1	300	53	17
42	M	136	53	17
43	1	265	41	24
43	S	290	71	40
43	S	262	41	24
44	1	234	53	32
44	1	060	53	32
44	1	094	53	32
44	S	405	53	32
45	1	350	11	25
45	M	241	11	17
45	S	360	11	25
46	1	483	19	24
47	M	241	11	17
47	1	350	11	25
48	1	350	11	25
48	M	241	11	17
48	S	242	11	25
48	M	148	11	25
48	S	243	11	17
48	S	273	11	23
48	S	277	11	25
48	S	360	11	25
49	1	350	11	25
49	M	241	11	17
50	1	350	11	25
50	M	241	11	17
50	S	360	11	25
51	1	353	09	26
51	1	090	09	26
51	S	392	09	19
52	1	350	11	17
52	M	241	11	17
53	1	350	53	25
53	M	241	53	17
53	S	360	53	25
54	1	027	01	34
54	M	384	01	19
54	S	100	01	26
54	S	090	01	26
55	1	353	53	26
55	M	300	53	26
55	M	283	53	18
55	S	090	53	26
56	1	090	74	18
56	S	466	52	18
56	S	386	15	26
56	S	292	17	32
56	S	014	13	27
57	1	350	53	25
57	S	360	53	25
57	M	241	53	25
58	1	350	53	25
58	M	360	53	25
58	S	241	53	25
58	S	330	53	25
58	S	348	53	25
59	1	350	11	25
59	M	241	11	25
60	1	350	53	25
60	1	360	53	25
60	M	241	53	25
61	1	350	11	01
61	S	241	11	01
63	1	090	09	32
63	M	466	52	32
63	M	014	13	27
63	S	405	52	32
63	S	246	37	24
63	S	257	39	24
64	1	090	53	27
64	M	014	53	27
64	M	466	53	31
64	M	384	53	27
65	1	090	09	25
65	1	026	03	25
65	M	384	03	25
65	S	029	03	33
65	S	013	04	25
66	1	027	74	34
66	S	091	74	26
66	S	045	01	26
66	S	062	01	34
66	S	014	01	34
67	M	045	53	25
67	M	016	53	25
67	S	072	53	25
67	M	300	53	25
67	S	356	53	25
68	1	090	09	32
68	M	291	17	24
68	M	017	09	34
69	1	090	09	32
69	M	291	17	24
69	S	148	17	24
69	S	136	74	32
69	S	483	19	26
69	S	096	01	26
70	1	243	37	29
71	1	243	37	29
72	1	396	11	01
73	1	396	11	01
74	M	350	11	25
74	S	241	11	25
74	S	234	11	25
74	M	273	74	25
74	S	360	11	25
75	1	330	09	26
75	S	322	09	26
75	S	325	11	32
1276	1	094	71	40
76	1	325	15	28
76	S	442	15	28
76	S	322	53	26
76	S	324	15	28
77	1	122	53	27
77	S	072	53	32
77	S	063	53	27
77	S	018	53	19
78	1	171	74	24
78	M	165	71	24
78	M	166	13	27
79	1	174	59	31
79	1	175	57	27
79	M	166	13	27
79	S	285	59	23
79	S	370	57	24
79	S	432	57	27
80	M	026	03	33
80	1	090	09	32
80	S	013	04	32
80	S	384	03	19
80	S	064	71	40
80	S	017	01	34
80	S	027	01	34
81	1	002	71	40
81	S	016	24	40
82	1	045	01	02
83	1	090	74	27
83	M	466	52	32
83	M	355	13	27
84	1	064	71	08
85	1	120	53	32
85	S	061	53	32
85	S	407	53	24
85	S	060	53	40
85	S	483	53	32
86	1	351	74	25
86	M	350	11	25
86	S	243	37	17
86	S	148	11	33
87	M	273	53	25
87	M	360	53	25
87	M	270	53	25
87	S	320	53	25
88	S	483	32	24
88	M	302	32	24
88	S	310	32	24
88	S	393	32	24
89	1	300	53	25
89	S	131	53	33
89	S	350	53	25
89	S	356	53	25
90	1	165	53	32
90	M	176	53	32
90	S	167	53	31
91	1	090	74	26
91	1	045	01	34
92	1	090	09	02
93	1	002	71	32
93	M	011	71	40
93	M	469	52	32
94	1	002	01	40
94	M	062	01	40
95	M	384	04	27
95	1	001	74	25
95	M	015	05	35
95	S	029	03	25
96	M	064	53	27
96	1	014	53	27
96	S	384	53	27
97	1	002	71	32
97	S	166	13	27
97	S	232	13	27
98	1	435	53	27
99	S	060	53	40
99	S	407	53	34
99	1	120	53	40
99	M	064	53	40
100	S	072	01	26
100	M	430	09	26
100	1	164	09	18
100	S	016	09	26
100	S	370	53	26
101	1	163	11	25
101	S	172	11	31
101	S	234	11	25
102	1	001	74	32
102	S	430	57	27
102	M	002	71	32
103	1	243	37	29
103	S	244	37	29
104	1	243	37	29
105	1	351	11	33
106	1	265	41	24
106	S	264	41	24
106	S	483	19	19
106	S	262	41	24
106	S	291	74	24
106	S	290	71	40
107	1	396	17	07
107	1	090	74	07
108	M	072	53	34
108	M	021	53	26
108	1	094	53	26
108	M	121	53	18
109	M	310	53	17
109	1	300	53	17
109	S	351	53	31
110	1	273	53	25
110	1	270	53	25
110	S	262	53	17
110	S	360	53	25
111	1	002	01	40
111	S	011	01	40
112	1	002	71	40
112	S	010	71	32
113	M	002	53	25
113	1	001	53	25
113	M	100	53	25
114	M	164	53	18
114	M	094	53	26
114	M	072	53	26
114	M	091	53	18
114	S	290	53	32
115	1	002	71	40
115	M	166	13	27
115	S	232	13	27
115	S	430	13	27
115	S	014	05	27
116	1	001	53	27
116	S	015	53	35
116	M	002	53	32
116	M	166	53	27
117	1	001	74	26
117	M	045	01	34
117	S	384	01	19
117	M	029	01	26
117	S	014	05	27
118	1	002	01	34
118	M	016	06	19
119	1	011	01	34
120	1	015	05	35
120	M	384	03	19
120	S	064	05	27
120	S	029	03	32
121	1	010	71	40
121	M	002	01	34
122	1	064	71	32
123	S	405	53	18
123	1	164	09	26
123	S	254	39	18
123	S	100	09	26
124	M	290	53	34
124	S	291	53	18
124	S	100	53	26
124	S	072	53	26
125	M	265	41	24
125	M	291	17	24
125	S	290	71	40
125	S	264	41	24
126	S	356	09	33
126	S	270	09	25
126	M	163	09	33
126	M	148	09	33
126	S	134	09	33
126	S	360	09	33
126	S	243	37	17
127	1	270	53	17
127	M	273	53	17
127	M	360	53	25
127	M	351	53	25
129	1	011	71	40
129	M	002	71	40
129	S	016	24	40
129	S	045	71	40
130	1	002	53	40
130	1	011	53	40
130	S	430	53	27
131	M	002	71	40
131	S	060	71	40
131	M	166	13	27
131	S	232	13	27
132	1	483	19	34
132	1	290	19	34
133	1	002	53	40
133	1	011	53	40
133	S	064	53	34
134	1	001	74	40
134	M	005	71	40
135	1	001	74	32
135	S	096	71	32
135	S	209	72	24
135	S	201	72	24
136	S	016	06	19
136	M	045	71	40
136	1	001	74	40
136	M	011	71	40
136	S	209	02	18
136	S	201	04	17
137	M	013	72	32
137	S	014	05	27
137	1	045	72	32
138	1	045	01	34
138	S	160	53	31
138	S	017	01	34
138	S	064	01	34
139	1	483	19	18
140	1	050	09	25
140	S	270	09	25
141	M	016	09	34
141	M	048	09	34
141	S	164	09	26
141	S	430	09	19
141	S	325	09	26
142	1	051	19	06
143	1	330	53	34
143	M	001	53	34
143	S	430	53	27
143	S	325	53	34
143	S	324	53	34
143	S	100	53	26
143	S	322	53	26
143	S	048	53	34
143	S	463	53	34
143	S	327	53	34
144	1	002	53	40
144	M	011	53	40
144	M	075	53	40
145	1	001	53	40
145	M	094	53	26
145	S	060	53	26
145	S	005	53	40
146	M	164	53	32
146	1	096	53	40
146	S	072	53	40
146	S	014	53	27
146	S	160	53	32
147	1	264	41	29
148	1	292	74	18
149	1	001	74	40
149	M	002	71	40
149	S	014	05	27
150	S	016	71	27
150	1	001	74	32
150	S	164	71	32
151	1	002	71	40
151	1	011	71	40
151	S	060	71	40
152	1	002	71	40
152	M	011	71	40
152	S	430	74	40
152	S	048	53	40
153	1	045	71	40
153	1	005	71	40
153	S	016	06	19
154	1	011	03	33
154	M	045	03	33
154	M	201	04	17
154	M	026	03	33
154	S	064	03	33
155	M	045	03	33
155	1	026	03	33
155	M	201	04	25
155	S	017	04	25
155	S	038	03	19
156	1	045	01	34
156	S	016	06	19
156	M	100	01	34
157	1	011	71	40
157	M	005	71	40
157	S	038	03	19
158	1	045	01	34
158	1	027	01	34
158	S	465	52	34
159	M	045	71	40
159	1	001	71	40
209	S	218	06	19
209	S	005	03	40
209	S	047	72	24
209	S	461	52	24
209	S	226	72	24
210	1	001	01	34
210	S	003	02	26
210	M	011	01	34
210	S	051	01	26
211	1	010	11	32
212	1	001	74	24
212	S	081	05	24
212	S	072	71	32
212	S	463	03	40
213	M	014	01	27
213	M	060	01	26
213	S	164	01	26
214	1	051	74	02
215	1	166	53	27
215	M	175	53	27
215	S	452	53	27
215	S	432	53	27
215	S	003	53	24
215	M	015	53	35
215	S	190	53	27
215	S	191	53	32
216	S	072	01	26
216	M	051	07	31
216	S	120	19	26
216	1	001	01	26
216	S	100	01	26
217	1	300	53	33
217	S	172	53	31
218	1	051	74	02
219	M	014	53	25
219	S	081	53	25
219	S	016	53	19
219	M	463	53	33
219	S	400	53	19
219	M	233	53	25
219	S	064	53	25
220	1	353	10	18
220	M	173	55	18
220	M	421	66	18
220	M	190	02	18
220	S	292	17	26
220	S	327	09	18
220	S	072	01	26
220	S	430	09	26
221	M	190	53	19
221	M	198	53	18
221	1	452	53	26
221	M	166	53	19
221	S	173	53	31
221	S	405	53	19
221	S	400	53	19
221	S	350	53	19
221	S	191	53	18
221	S	394	53	18
221	S	195	53	19
222	1	190	53	19
222	1	198	53	26
222	M	400	53	19
222	S	288	53	26
222	S	394	53	26
222	S	195	53	19
222	S	166	53	19
223	1	265	75	26
223	1	999	75	99
223	S	148	75	18
224	1	002	02	18
224	1	226	02	18
225	1	265	41	29
225	M	262	41	29
225	M	264	41	29
226	1	469	52	24
226	M	464	52	24
226	1	174	59	31
226	S	148	59	24
226	S	406	53	24
226	S	264	41	24
227	1	464	53	24
227	M	148	53	24
227	S	147	53	24
227	S	483	53	24
227	S	165	53	24
228	1	051	74	02
229	1	171	12	17
229	M	038	12	17
229	M	040	12	17
230	1	001	71	32
230	S	015	05	35
230	S	011	71	40
231	1	015	05	35
231	S	211	02	18
232	1	015	05	35
232	S	461	51	24
232	S	034	04	24
233	1	011	71	40
233	M	005	71	40
234	1	203	04	01
235	1	060	03	33
236	M	002	71	40
236	M	166	13	27
236	S	003	72	24
236	S	051	05	27
236	S	102	05	27
237	1	430	13	27
237	1	166	13	27
238	1	190	13	18
238	M	166	13	19
238	M	216	66	18
238	S	301	66	18
239	S	096	53	32
239	1	001	53	32
239	M	014	53	27
239	S	081	53	27
240	S	463	53	19
240	M	014	53	19
240	1	001	53	40
240	S	131	53	40
240	S	096	53	40
241	1	350	11	33
241	M	463	11	19
241	S	131	11	33
241	M	001	11	32
242	1	183	54	31
242	M	186	54	39
243	1	999	75	99
243	M	265	75	29
243	S	148	75	18
244	1	001	03	33
244	S	081	05	19
244	S	461	52	24
244	S	034	13	32
244	S	016	24	19
244	M	014	05	19
244	S	384	01	19
244	S	102	05	27
245	1	001	01	34
245	S	045	01	34
245	S	191	24	19
246	1	001	74	26
246	M	014	05	27
246	S	010	01	26
246	S	081	05	19
247	1	001	74	25
247	M	081	05	35
247	S	098	03	25
248	M	002	71	32
248	S	430	13	27
248	M	166	13	27
248	S	226	72	32
248	S	015	13	35
249	1	190	02	18
249	1	166	13	27
249	S	003	02	18
250	1	452	74	32
250	1	198	74	32
250	M	190	13	19
250	S	166	13	19
250	S	191	03	25
250	S	405	53	19
251	1	124	71	08
251	1	002	71	08
252	1	001	53	32
252	S	045	53	34
252	M	096	53	32
253	1	014	53	27
253	M	081	53	27
253	M	102	53	27
253	S	463	53	19
254	1	353	75	26
254	S	216	66	18
254	S	356	45	34
254	M	301	75	26
254	M	999	75	26
254	S	265	75	21
254	S	234	02	18
255	1	353	10	26
255	S	463	09	26
255	M	301	75	26
255	S	190	02	18
1118	M	090	71	32
1118	1	241	11	25
255	S	166	05	19
255	S	408	53	26
256	1	205	11	25
256	1	050	11	33
257	1	300	30	17
257	M	310	30	31
257	S	148	29	17
258	S	011	71	34
258	S	081	05	35
258	S	166	13	19
258	1	001	71	32
258	1	102	05	27
259	M	467	03	25
259	S	442	03	25
259	1	001	03	25
259	S	234	04	17
259	M	081	05	27
259	S	098	03	25
260	1	467	03	19
260	M	400	03	19
260	S	010	03	25
261	M	467	03	19
261	M	400	03	19
261	M	010	03	33
262	1	010	03	33
262	M	467	03	19
263	S	013	72	32
263	S	442	03	25
263	M	468	03	33
263	S	041	03	33
263	S	218	06	19
263	S	099	03	33
263	S	043	03	33
263	1	001	71	33
264	M	013	02	26
264	1	010	01	26
264	S	085	01	26
264	S	082	05	19
265	S	226	52	24
265	S	461	52	24
265	S	430	13	35
265	S	483	13	27
265	1	355	13	27
265	S	166	13	27
266	1	120	53	32
266	M	046	53	32
266	M	001	53	32
266	S	013	53	24
267	1	467	53	32
267	M	120	53	32
268	S	384	52	19
268	M	451	52	31
268	S	059	74	31
268	M	466	52	26
269	1	276	72	24
269	M	285	11	32
270	1	276	53	24
270	1	093	53	40
270	M	325	53	32
270	M	285	53	32
271	M	264	41	29
271	1	265	41	29
272	1	125	53	26
272	M	353	53	26
272	M	100	53	26
272	S	164	53	26
272	S	405	53	26
273	1	120	53	26
273	M	353	53	26
273	M	124	53	18
273	M	100	53	26
273	S	001	53	26
273	S	405	53	26
274	1	300	53	32
274	1	172	53	31
274	S	190	53	19
274	S	166	53	19
274	S	198	53	18
275	M	467	51	19
275	S	081	05	19
275	1	001	03	33
275	S	442	03	25
275	S	064	06	33
276	1	010	03	25
277	1	467	03	19
277	S	400	03	19
277	M	098	03	33
278	1	013	02	26
279	1	013	02	26
279	S	027	02	26
279	S	063	02	18
280	1	002	71	32
280	M	461	52	24
280	M	226	72	32
280	S	080	05	19
280	M	166	13	19
281	1	096	53	32
281	M	102	53	27
282	1	465	52	33
282	M	442	03	33
282	M	400	53	19
282	S	460	52	33
283	1	163	11	33
283	S	270	11	32
283	S	131	11	33
283	S	005	11	33
283	S	096	11	33
283	S	291	11	33
284	1	353	74	26
284	M	164	09	34
284	S	124	71	26
284	M	213	53	26
285	1	203	04	25
285	M	200	74	32
286	1	205	53	25
287	1	356	75	25
287	1	205	75	25
287	S	420	75	25
288	S	080	03	19
288	M	467	03	33
288	M	013	04	25
288	1	001	03	33
289	1	098	03	25
289	M	467	03	33
289	M	233	04	25
290	1	467	53	40
290	M	463	53	40
290	S	163	53	33
290	S	131	53	33
290	S	406	53	18
291	M	013	02	32
291	M	002	71	32
291	S	461	52	24
291	S	226	72	24
291	S	166	13	27
292	1	467	03	40
292	1	002	71	40
292	M	011	71	40
292	S	400	03	19
293	1	096	53	32
293	1	102	53	27
293	S	467	53	40
293	S	081	53	27
293	S	384	53	19
293	S	001	53	32
294	1	163	11	33
294	M	001	11	40
295	S	467	11	25
295	M	270	71	32
295	M	277	11	32
295	S	325	74	32
296	1	370	53	26
296	S	354	09	34
296	S	407	53	26
297	1	205	04	25
297	M	201	04	25
297	S	203	04	25
298	1	300	53	25
298	S	356	53	33
298	S	420	53	33
299	M	467	53	32
299	1	122	53	32
300	1	002	72	24
300	1	226	72	24
300	M	075	71	32
300	S	232	72	24
300	M	461	52	24
301	1	231	01	26
301	M	002	01	26
302	1	226	53	26
302	S	452	53	26
302	M	080	53	19
302	M	232	53	18
303	1	001	74	32
303	M	044	05	19
303	S	015	05	35
304	1	013	02	18
304	M	014	05	27
304	S	451	52	32
304	S	191	24	19
305	1	001	74	25
305	S	011	03	33
305	S	043	03	25
305	S	462	52	35
305	S	468	52	33
305	S	467	74	25
306	1	011	01	34
306	S	081	05	19
306	S	027	01	34
306	S	218	06	19
307	1	442	03	25
307	M	469	03	25
307	S	165	03	25
308	1	442	53	33
308	M	039	53	19
308	S	443	53	31
309	1	081	53	19
309	M	400	53	19
309	S	467	53	19
310	M	231	01	34
310	1	225	74	26
310	S	171	01	34
311	1	276	11	32
311	M	325	11	32
312	M	276	72	24
312	1	370	53	18
312	M	164	09	18
312	S	325	11	18
312	S	285	11	18
313	M	324	53	26
313	M	325	53	28
313	M	285	53	26
313	1	276	53	26
314	1	200	74	01
315	M	202	04	25
315	1	420	66	25
315	S	350	11	25
316	1	182	74	07
317	1	174	75	99
318	1	300	53	33
318	S	285	53	25
318	M	163	53	25
318	S	442	53	33
318	S	200	53	25
318	1	360	53	33
319	1	044	05	19
319	1	002	03	33
319	M	011	03	33
320	1	002	72	24
320	M	226	72	24
320	M	166	13	27
320	S	075	01	26
321	1	231	11	25
321	M	002	72	25
322	1	013	02	18
322	M	014	05	27
322	S	451	52	32
322	S	191	24	19
323	1	001	74	25
323	M	467	74	25
323	S	026	03	33
323	S	082	03	19
324	1	044	05	19
324	S	002	01	40
324	S	011	01	40
325	1	183	02	26
326	1	442	03	33
326	S	347	52	31
327	1	082	05	19
327	1	400	53	11
327	S	043	03	33
327	M	064	06	19
328	1	001	74	32
328	M	002	01	34
328	S	051	74	98
329	1	201	04	25
329	1	202	04	25
329	M	205	04	25
329	S	174	59	07
330	1	467	11	19
330	S	400	11	19
331	1	164	09	34
331	S	048	09	34
331	S	124	01	34
332	M	325	11	32
332	1	324	09	34
333	1	231	01	02
333	S	225	02	02
334	1	026	22	33
335	S	407	53	32
335	1	165	71	32
335	M	050	71	32
335	1	270	71	32
335	S	131	71	40
336	1	165	53	32
336	1	270	53	32
336	M	276	53	32
336	M	321	53	32
336	S	325	53	32
337	1	203	04	25
337	S	205	53	25
338	1	001	74	25
338	S	225	74	25
338	M	010	03	25
338	S	043	03	25
339	M	124	01	34
339	S	002	01	34
339	M	051	07	40
339	S	467	19	26
339	S	011	01	34
339	S	120	19	18
340	S	014	05	27
340	1	001	74	26
340	S	233	02	18
340	S	012	02	18
341	1	212	02	18
341	M	015	05	35
342	1	001	74	26
342	S	047	74	98
342	S	010	02	26
342	S	043	02	26
343	M	002	71	32
343	S	231	13	27
343	S	232	71	32
343	S	081	13	35
343	M	166	13	27
343	M	225	74	98
344	1	120	53	18
344	S	001	53	32
344	S	050	53	32
344	S	124	53	18
345	S	243	37	29
345	S	254	39	29
345	S	262	41	29
345	1	265	41	29
346	1	484	75	24
346	M	304	75	24
346	M	284	17	24
346	S	262	41	24
346	S	325	17	36
347	1	354	53	25
347	S	064	53	25
347	S	351	53	25
348	M	270	53	32
348	M	165	53	32
348	M	124	53	18
348	M	050	53	32
349	1	464	52	17
349	1	001	74	25
349	1	453	74	25
349	S	226	04	17
349	S	442	03	25
349	S	064	06	33
349	S	043	03	17
349	S	444	74	24
349	S	446	74	25
350	1	210	02	18
350	S	451	52	18
350	S	017	22	18
351	1	124	01	34
351	S	046	01	26
351	S	051	07	26
352	M	407	22	17
352	1	017	22	17
353	1	186	53	25
353	M	231	53	25
353	M	174	53	31
353	M	181	53	25
353	S	171	53	31
353	S	193	53	19
353	S	400	53	19
353	S	160	53	25
354	1	193	53	25
354	1	231	53	25
354	1	380	53	25
354	S	029	53	27
354	M	131	11	19
354	S	420	11	25
355	1	270	71	32
355	1	165	71	32
355	M	131	71	19
355	S	050	71	32
355	S	276	72	24
355	M	321	71	32
355	S	325	71	32
356	1	291	74	24
356	M	325	17	18
356	M	284	17	24
357	1	001	01	26
357	M	012	02	18
357	S	005	01	34
357	S	384	01	26
358	M	466	52	32
358	M	002	71	26
358	S	462	52	35
358	S	075	71	32
358	S	166	13	27
359	1	120	53	32
359	M	001	53	32
359	S	124	53	26
360	1	354	11	25
361	1	200	74	32
362	S	264	41	29
362	1	265	41	29
362	S	262	41	29
362	S	254	39	29
363	S	407	53	32
363	1	464	53	24
363	S	131	53	40
363	S	462	53	35
364	M	130	53	32
364	M	139	53	32
364	M	464	53	32
364	M	465	53	32
364	M	400	53	19
364	S	402	53	24
365	1	001	74	32
366	1	270	71	40
366	M	050	71	40
366	M	131	71	40
366	S	193	11	19
367	1	165	53	32
367	M	050	53	32
368	1	011	03	33
368	S	064	53	33
368	S	043	03	33
369	1	124	01	34
369	S	051	07	34
370	1	063	02	18
371	1	233	02	18
371	S	017	02	18
371	S	451	52	18
372	M	225	74	32
372	S	031	72	24
372	S	231	01	26
372	M	469	52	31
373	1	381	11	33
373	M	030	11	19
374	1	442	03	25
374	S	461	52	24
374	M	347	52	31
374	S	082	74	19
375	1	440	03	33
375	S	039	03	33
375	S	082	05	19
376	1	182	54	31
377	1	420	66	25
377	M	205	66	25
377	S	202	66	25
378	1	225	74	24
378	S	304	74	24
378	M	469	52	31
379	1	001	74	25
379	M	082	03	19
379	S	043	03	25
379	S	014	05	27
380	1	098	53	25
380	S	463	03	25
381	S	075	71	08
381	M	232	13	24
381	S	304	74	24
381	1	225	74	24
382	1	001	74	26
382	S	010	01	02
382	S	051	07	34
382	S	014	05	27
383	1	120	53	26
383	M	124	53	26
384	1	164	09	26
384	M	292	09	26
384	S	181	09	26
384	S	356	09	34
384	S	064	09	34
385	M	292	09	26
385	M	353	10	26
385	S	181	09	26
386	1	304	75	24
386	M	264	41	24
386	S	148	41	24
386	S	393	19	24
387	1	440	03	33
388	M	231	11	25
388	1	420	66	17
389	1	205	03	25
389	S	201	04	17
391	M	047	72	24
391	1	226	72	24
391	M	461	52	24
391	M	002	72	24
391	S	031	72	24
392	1	231	71	32
392	M	080	71	19
392	S	226	72	24
392	S	002	72	32
393	1	001	74	26
393	M	081	05	27
393	S	015	05	35
393	M	043	74	26
394	1	015	05	35
394	S	081	05	35
394	S	211	05	18
395	1	001	74	25
395	M	014	05	27
395	S	044	05	27
395	S	461	52	17
395	S	467	52	25
395	S	082	05	19
395	S	446	74	25
396	1	002	71	40
396	M	044	05	19
397	1	270	71	01
398	1	164	09	26
398	S	050	09	34
398	S	048	09	34
398	S	312	01	26
399	1	120	53	26
399	S	124	53	26
399	S	072	53	26
399	S	060	53	34
400	1	174	59	31
400	M	190	59	25
400	M	203	59	25
401	M	325	72	32
401	1	270	71	32
401	S	276	72	32
401	S	093	71	32
402	S	075	71	27
402	1	166	13	27
402	S	407	53	18
402	M	175	57	27
403	1	300	53	17
403	M	234	53	25
403	S	092	53	24
403	S	147	53	17
403	S	360	53	17
404	M	231	53	26
404	M	276	53	32
404	S	093	53	32
404	S	325	53	32
404	S	080	53	19
405	1	226	74	24
405	S	002	74	24
405	S	186	74	31
406	1	001	74	25
406	1	442	03	25
406	S	039	03	25
406	S	099	03	25
406	S	124	03	25
406	S	046	03	26
407	1	120	71	32
407	M	124	71	32
407	S	001	53	32
407	M	292	53	26
407	S	381	53	26
408	1	072	13	27
408	M	075	03	25
409	M	046	01	26
409	S	124	01	18
409	1	026	01	26
409	M	017	01	26
410	1	001	03	25
410	M	011	03	33
410	M	467	03	25
410	S	021	03	25
410	S	442	03	25
410	S	098	03	25
410	S	463	03	19
411	1	353	10	18
411	1	120	01	18
411	S	124	01	26
388	S	193	11	25
411	S	015	01	18
411	S	081	01	18
412	1	292	19	18
412	M	483	19	18
412	S	064	19	18
412	S	148	19	18
413	1	442	53	25
413	S	447	11	33
413	S	446	53	17
413	S	050	11	32
413	S	226	53	25
414	1	420	66	17
414	M	231	11	17
414	S	193	11	25
415	1	291	17	24
415	M	148	17	24
416	1	264	41	18
417	1	051	07	40
417	S	016	24	40
417	S	002	01	34
417	S	082	24	19
418	1	226	53	18
418	M	002	53	18
418	M	466	53	31
418	S	231	53	18
419	1	205	03	25
419	S	201	04	25
420	1	070	05	18
420	M	211	05	18
420	M	015	05	35
420	S	100	71	32
420	S	081	05	35
420	S	191	03	19
421	1	011	71	40
421	M	075	71	32
421	S	060	71	40
421	S	466	52	31
422	1	464	52	24
422	S	446	72	24
422	M	442	03	24
423	S	231	11	27
423	1	225	74	24
423	M	464	52	24
424	M	225	74	24
424	S	174	59	31
424	M	464	52	24
424	S	075	71	32
424	S	166	13	27
425	S	264	41	29
425	1	287	53	26
425	M	282	53	26
425	S	148	27	40
425	1	483	53	26
425	S	411	27	30
425	S	302	53	24
426	1	011	71	40
426	S	386	09	23
427	1	035	05	03
428	1	205	03	01
428	S	201	72	01
428	S	202	02	01
429	M	190	02	26
429	S	356	75	34
429	S	392	75	34
429	1	301	53	34
429	S	200	53	26
430	1	070	53	27
430	M	081	53	27
430	S	464	53	26
430	S	302	53	24
431	M	001	53	32
431	S	291	75	24
431	M	120	53	26
431	M	081	53	35
431	S	469	53	32
432	1	001	74	25
432	S	446	74	24
432	S	431	03	25
432	S	030	03	25
432	S	469	52	25
432	S	081	05	27
433	1	001	74	26
433	S	002	01	34
433	S	442	01	34
433	S	015	05	35
434	1	001	74	32
434	M	394	71	26
434	S	051	71	34
434	S	070	25	27
434	S	381	01	34
434	S	015	25	35
435	1	120	53	18
461	S	001	53	25
461	S	463	75	19
461	S	131	75	33
462	M	011	53	40
462	S	002	53	32
462	M	292	53	26
462	S	274	53	26
462	S	015	53	35
463	M	226	02	18
463	1	001	74	32
463	S	173	55	18
463	S	231	71	26
463	S	084	53	18
463	S	002	71	32
464	1	001	74	25
464	M	043	03	25
464	S	041	03	33
464	S	469	52	25
464	S	019	03	33
465	1	001	53	25
465	M	098	53	25
465	S	407	53	25
465	S	463	03	33
465	S	014	53	27
465	S	464	53	25
466	M	435	13	27
466	M	310	13	27
466	M	226	72	24
466	S	079	71	24
466	S	034	71	32
466	S	461	51	35
466	S	166	13	27
467	M	310	13	27
467	M	483	13	27
467	M	015	13	27
468	1	292	09	26
468	1	324	09	26
468	S	198	53	18
468	S	327	09	26
468	S	276	53	24
469	1	241	11	29
469	M	138	11	24
470	1	262	41	29
470	S	138	41	24
471	1	407	53	26
471	1	120	53	26
471	S	174	59	24
471	S	084	01	18
471	S	001	74	32
472	1	407	53	26
472	M	282	53	26
472	M	100	53	26
472	M	302	53	35
472	S	310	19	27
472	S	330	53	26
473	M	178	11	31
473	M	160	53	32
473	1	165	53	32
473	S	183	64	18
474	1	001	01	34
474	S	002	01	40
474	S	464	52	32
474	S	045	01	34
475	1	353	53	26
475	1	001	09	26
476	1	226	02	18
476	M	231	71	32
476	S	176	53	32
476	S	070	05	27
476	S	082	05	27
477	M	174	53	24
477	M	302	53	24
477	S	393	19	24
478	1	310	13	03
478	M	001	13	03
479	1	001	74	33
479	S	464	52	25
479	S	011	03	33
479	S	064	03	19
479	M	043	03	33
480	M	002	71	32
480	M	381	71	32
480	M	232	13	27
480	M	014	05	27
481	1	292	09	26
481	S	289	09	26
481	S	483	19	31
482	M	241	11	29
482	1	240	53	29
482	S	300	53	25
482	S	356	11	33
483	1	351	53	25
435	S	124	01	26
435	S	131	09	34
435	M	353	53	18
436	1	120	27	26
436	M	121	27	26
436	S	050	27	26
436	S	034	27	26
437	1	241	11	25
437	S	351	11	25
438	1	002	03	33
438	M	026	03	33
439	1	264	41	05
440	1	182	75	39
441	1	001	74	32
441	M	002	71	40
441	M	015	05	35
441	S	075	71	32
441	S	310	13	27
441	S	442	01	34
442	1	002	71	32
442	S	075	71	32
442	M	014	25	27
442	M	310	25	27
442	M	034	71	32
443	1	001	74	25
443	S	015	05	35
443	S	098	53	17
443	S	191	03	33
443	S	462	52	17
444	1	233	02	24
444	1	202	02	18
444	S	064	53	24
444	S	023	03	32
445	1	233	53	25
445	M	064	53	25
445	S	178	11	31
445	S	200	53	25
446	1	048	11	24
446	M	191	11	40
447	1	292	09	26
447	M	483	09	26
447	S	353	09	26
447	M	048	09	18
447	S	100	09	26
447	S	173	09	26
448	1	282	53	26
448	1	483	53	30
448	S	394	53	26
448	S	393	19	26
448	S	287	53	26
449	1	186	55	31
449	S	120	55	18
450	S	002	71	32
450	1	225	74	24
450	S	446	74	24
450	M	034	71	24
450	M	443	69	39
451	1	005	03	33
451	M	465	52	33
451	S	431	03	33
451	S	198	26	33
451	S	462	52	35
451	S	442	03	25
452	1	001	74	33
452	M	011	03	33
453	1	011	03	33
453	S	098	53	33
453	S	017	03	33
454	1	002	71	32
454	S	034	71	32
455	1	001	74	32
455	S	218	01	19
455	S	016	05	19
455	S	124	01	26
455	S	081	05	35
456	1	282	09	26
456	1	483	09	30
456	S	138	19	24
457	1	282	53	26
457	1	483	53	26
457	M	279	53	25
458	1	122	53	35
458	S	015	53	35
458	S	064	53	27
458	S	081	53	35
459	1	226	02	18
459	S	070	05	26
460	1	233	02	24
460	1	202	02	18
460	S	023	21	18
460	S	064	53	24
461	1	300	53	25
483	S	487	53	25
484	1	226	53	26
484	M	001	53	32
484	S	430	53	27
485	1	001	74	40
485	M	045	01	40
485	S	002	71	40
485	S	190	01	40
485	S	082	25	19
485	S	043	01	40
486	1	002	71	40
486	1	045	01	34
487	1	001	74	26
487	S	384	01	26
487	S	014	05	27
488	S	045	53	40
488	1	120	53	32
488	S	384	71	19
488	M	226	53	24
488	S	061	53	24
489	1	226	72	18
489	M	079	71	18
489	S	002	71	24
490	M	466	53	27
490	1	001	53	27
490	M	166	13	27
491	1	001	74	25
491	S	444	70	24
491	S	082	03	19
491	S	191	03	17
491	S	098	53	25
491	S	163	03	17
491	S	234	74	25
492	1	483	11	01
492	M	279	11	01
493	1	247	21	29
493	M	138	21	24
494	1	265	41	05
494	M	264	41	05
494	S	290	75	08
495	1	396	75	07
496	1	001	09	34
496	M	190	01	34
496	S	483	19	26
496	S	120	27	26
496	S	292	09	26
497	M	282	53	26
497	1	483	53	30
497	S	302	53	32
497	S	277	53	32
498	1	394	27	25
498	M	393	27	24
498	S	310	27	24
498	S	386	27	31
499	1	394	53	25
499	S	386	53	25
499	S	396	53	25
500	1	430	13	03
500	S	166	13	03
501	1	182	54	07
502	1	001	74	40
502	M	045	01	40
502	S	011	01	40
503	M	047	01	32
503	M	226	72	18
503	M	002	01	32
503	S	014	13	27
503	S	232	13	27
504	1	435	13	03
504	S	166	13	03
505	1	190	01	34
505	M	011	01	34
505	S	017	01	34
506	1	190	01	34
506	M	421	66	34
506	S	001	53	32
507	1	001	74	40
507	S	002	01	40
507	S	016	06	19
508	1	182	74	07
509	1	011	03	33
509	S	191	03	19
509	M	468	51	33
509	S	463	51	19
510	1	102	53	27
510	M	124	53	27
510	S	384	53	19
510	S	045	01	26
510	S	435	53	19
511	1	002	71	08
511	S	060	71	40
512	1	001	74	34
512	M	045	01	34
512	M	011	01	34
513	1	001	01	26
513	M	100	53	26
514	1	120	53	32
514	M	102	53	27
514	S	014	53	27
515	1	001	53	32
515	S	045	53	40
516	M	002	71	32
516	M	166	13	27
516	S	225	74	24
516	M	466	52	31
517	1	001	74	25
517	S	011	03	33
517	S	043	03	25
517	S	015	05	35
517	S	082	03	19
518	1	182	54	39
518	M	186	54	39
519	1	324	11	32
519	S	325	11	25
519	S	282	11	18
519	S	276	53	32
520	1	324	53	32
520	M	325	53	25
520	S	323	53	24
520	S	276	53	32
521	1	190	01	34
521	M	173	55	26
521	S	421	66	34
521	S	301	27	26
522	1	001	53	32
522	M	045	53	34
522	S	014	53	27
522	S	407	53	24
522	S	050	53	32
523	1	001	74	40
523	M	045	01	34
523	S	011	71	40
524	1	011	01	34
524	S	081	05	27
525	1	001	74	26
525	S	015	05	27
525	M	011	01	34
525	S	003	05	35
526	1	001	53	26
526	M	045	53	26
526	M	102	53	27
526	S	014	53	27
527	M	002	71	32
527	1	466	52	31
527	S	014	13	27
528	1	001	53	32
528	S	014	53	27
528	S	096	53	32
528	S	231	53	25
528	S	218	53	27
528	S	048	53	27
529	M	446	72	24
529	S	002	71	32
529	S	166	13	27
530	1	001	74	25
530	M	011	03	33
530	M	079	03	17
530	S	464	52	17
531	1	001	09	40
532	1	200	53	32
532	S	201	53	25
532	S	209	53	26
532	S	232	53	27
532	S	190	53	32
532	S	191	53	27
533	1	324	71	32
533	M	266	09	26
533	M	292	09	26
533	S	325	17	32
533	S	001	09	34
534	1	324	53	32
534	M	325	53	25
534	S	276	53	32
535	1	182	74	32
535	S	183	72	24
535	S	184	06	19
536	M	227	11	25
536	S	171	11	25
536	1	231	11	25
537	1	148	53	24
537	S	285	53	25
537	S	131	11	25
537	S	279	11	25
538	1	001	53	26
538	M	226	02	18
538	M	045	01	34
538	S	014	05	27
539	1	001	74	34
539	M	045	01	34
539	M	011	01	34
539	S	186	53	31
540	1	001	74	34
540	M	045	01	34
540	S	014	05	27
541	1	001	74	32
541	S	002	01	34
541	S	015	05	35
542	1	001	09	34
543	1	001	03	33
543	S	464	52	25
543	S	043	03	25
544	1	440	03	33
544	S	043	03	33
544	S	406	52	19
544	S	131	53	19
545	1	043	03	25
545	M	082	25	19
545	S	464	52	17
545	S	191	03	33
546	1	300	53	32
547	1	183	75	26
548	1	400	53	19
548	S	131	53	19
548	M	433	53	19
549	1	001	53	32
549	S	234	53	32
549	S	050	53	32
550	1	005	01	34
551	1	005	01	34
551	M	045	01	34
551	S	002	01	34
551	S	465	52	34
551	S	016	05	19
552	1	005	01	34
552	S	016	06	19
553	1	045	01	34
553	S	191	01	34
553	S	003	02	24
554	M	014	53	27
554	M	001	53	26
554	M	096	53	32
554	S	102	53	27
555	1	001	74	26
555	S	015	05	35
556	1	014	05	27
556	S	081	05	35
557	1	266	09	34
557	M	001	09	34
557	S	356	09	34
557	S	200	53	26
557	S	420	66	26
558	1	274	09	26
558	M	325	17	32
558	M	324	09	32
558	S	276	53	32
559	1	001	74	33
559	M	011	03	33
559	M	043	03	33
559	S	431	03	25
560	1	079	74	17
560	S	226	72	24
561	1	300	53	32
561	S	407	53	32
561	S	001	75	32
561	S	384	75	19
561	S	165	75	24
561	S	243	37	29
562	M	005	53	34
562	M	325	53	32
562	M	100	53	26
562	S	001	53	32
563	1	001	74	34
563	M	005	01	34
563	M	016	06	19
563	S	381	01	34
563	S	070	74	18
564	1	005	01	34
564	S	014	06	27
565	1	001	74	25
565	M	015	25	27
565	M	072	03	25
565	S	191	03	25
566	1	166	13	27
566	M	435	13	27
566	S	462	13	35
566	S	003	13	35
566	S	226	72	24
566	S	218	71	32
566	M	232	13	27
566	S	451	52	32
567	1	001	74	34
567	S	045	01	34
567	S	047	01	34
567	M	064	01	27
568	M	435	53	27
568	M	014	53	27
569	1	001	53	32
569	S	045	53	26
569	M	096	53	26
569	M	407	53	32
569	M	382	53	32
570	1	001	74	34
570	M	016	53	19
570	S	002	01	19
570	S	166	53	19
571	1	483	19	30
571	M	289	19	30
572	1	001	74	32
572	M	002	01	34
572	M	015	05	27
572	S	431	07	19
572	S	218	01	19
573	1	001	53	40
573	S	016	53	19
573	S	160	53	40
573	M	430	53	27
573	S	166	53	19
573	S	406	09	24
574	1	435	13	27
574	M	466	74	27
574	S	002	71	32
574	S	166	13	27
575	1	435	13	27
575	S	166	13	27
576	1	070	13	27
576	M	081	13	27
577	1	070	25	27
577	M	212	25	26
578	1	005	01	34
578	M	014	05	27
578	S	218	01	19
579	M	186	53	31
579	1	011	01	34
580	1	001	74	32
580	M	002	01	26
580	M	014	05	27
580	S	431	07	19
580	S	218	01	19
581	1	001	74	26
581	M	064	06	34
582	1	009	03	19
583	1	190	01	34
583	M	468	51	39
583	S	421	66	34
584	1	005	01	34
584	S	014	05	27
584	M	465	52	40
584	S	431	01	40
585	1	435	13	27
585	S	166	13	27
585	S	070	25	27
585	S	225	74	24
585	S	015	13	27
586	1	011	01	34
586	S	016	06	19
586	S	001	53	26
587	M	005	53	34
587	1	100	53	34
587	M	117	53	19
587	S	021	53	26
588	1	001	74	25
588	S	011	03	33
588	M	072	03	25
588	S	009	03	25
589	1	001	74	40
589	S	124	01	34
589	S	051	07	39
589	S	002	01	34
589	S	016	06	19
589	S	381	07	40
590	1	002	01	34
590	S	467	53	32
590	S	100	53	26
591	1	324	71	32
591	M	327	75	32
592	M	015	25	35
592	S	302	53	24
593	1	001	53	40
592	S	174	59	24
592	S	310	53	24
592	M	393	19	24
593	S	465	53	40
593	M	292	53	32
593	M	324	53	32
594	1	001	74	34
594	M	045	01	34
594	M	016	06	19
594	S	015	05	27
595	1	001	53	34
595	S	050	01	34
595	S	048	53	19
595	S	232	13	19
595	S	017	53	34
596	1	166	13	19
596	M	001	74	19
596	S	014	13	27
596	S	232	13	19
597	M	014	53	27
597	M	234	53	18
597	1	466	53	31
597	S	064	53	27
598	1	120	53	26
598	M	045	53	26
598	M	072	53	26
598	S	165	53	26
599	1	234	03	25
599	S	400	53	19
600	1	001	74	25
600	S	009	03	25
600	S	431	03	19
600	M	191	03	19
600	S	098	03	25
601	1	001	74	34
601	M	045	01	34
601	S	014	53	27
602	1	001	53	26
602	S	430	53	26
602	S	164	53	26
603	1	001	74	33
603	M	011	03	33
603	S	045	71	40
603	M	465	52	33
603	S	016	06	19
604	1	001	74	34
604	M	005	01	34
604	M	016	06	19
604	S	434	01	19
605	M	226	71	24
605	1	001	74	32
605	S	014	13	27
605	S	444	75	24
605	S	218	71	19
605	S	064	02	27
606	S	002	71	32
606	1	466	53	31
606	M	001	71	32
607	1	233	02	18
607	M	234	02	18
607	S	183	02	18
607	S	002	01	26
608	1	200	53	32
608	S	225	69	24
609	1	182	56	07
610	1	001	03	40
610	S	465	52	40
610	S	096	03	40
610	S	016	06	19
610	S	009	03	25
610	S	045	03	33
611	S	001	09	40
611	M	276	53	32
611	1	325	11	32
611	M	324	09	26
611	S	353	10	18
612	1	005	03	33
612	S	016	06	19
612	S	465	52	33
613	M	045	03	33
613	1	011	03	33
613	S	016	06	19
614	1	005	03	41
614	M	465	52	41
614	S	016	06	19
615	1	011	03	33
615	M	016	06	19
615	S	384	53	19
616	1	233	02	18
616	M	234	02	18
616	S	002	01	26
616	S	001	74	18
607	S	001	74	24
617	1	001	74	27
617	S	166	13	19
617	M	015	05	27
617	M	011	01	34
618	1	005	01	34
618	M	016	06	19
619	1	300	53	40
620	1	001	01	34
620	M	011	01	34
620	M	016	06	19
620	S	218	01	26
620	S	166	13	19
620	S	048	71	19
621	1	469	53	31
621	S	463	53	19
622	1	001	74	26
622	M	005	01	34
622	M	014	05	35
622	S	211	05	18
622	S	434	01	19
623	1	381	01	19
623	1	382	53	32
623	S	380	11	25
624	1	005	03	33
624	S	016	06	19
624	S	469	52	25
624	S	108	03	33
624	S	346	52	17
624	S	009	03	19
624	S	400	74	19
625	1	098	53	33
625	1	005	03	33
626	M	381	03	32
626	M	048	03	19
626	M	098	03	33
626	M	005	71	40
626	S	231	03	19
626	S	100	03	34
626	S	342	03	25
627	1	270	71	32
627	1	324	15	32
628	1	270	71	32
628	M	326	71	32
628	M	277	71	32
628	S	285	71	32
629	1	270	71	32
629	M	322	53	32
629	M	285	53	32
629	S	276	53	32
629	M	321	53	32
630	1	011	01	34
630	S	016	06	19
630	S	166	13	19
630	S	225	74	18
630	S	434	01	19
631	1	001	74	34
631	M	045	01	34
631	S	226	02	18
631	S	016	06	19
631	S	043	01	26
632	1	001	53	34
632	M	011	01	34
632	S	016	06	19
633	1	001	53	34
633	S	050	01	40
633	S	016	06	19
633	M	381	01	32
634	1	005	03	33
634	S	016	26	19
634	S	464	52	25
634	S	465	52	33
634	S	346	52	17
634	S	434	03	19
635	1	270	71	32
635	S	321	71	32
635	S	285	71	32
635	S	243	37	29
635	S	249	43	40
636	M	276	53	32
636	1	325	53	32
636	S	351	53	25
636	S	396	53	25
636	M	324	53	32
637	M	450	69	24
637	S	446	74	24
637	M	442	71	32
637	S	443	69	31
638	1	011	01	34
638	S	166	13	19
638	M	444	53	24
639	1	005	53	40
639	S	346	53	24
639	M	324	53	32
639	M	276	53	24
639	M	325	53	32
640	1	001	74	34
640	M	014	25	27
640	S	218	01	19
641	1	001	74	34
641	M	183	02	18
641	S	005	01	34
641	S	430	01	26
641	M	002	01	26
641	S	444	74	24
641	M	225	74	18
642	1	001	53	19
642	S	050	53	32
642	S	466	53	32
642	M	016	53	19
642	S	048	53	19
643	1	183	02	18
643	S	231	01	26
644	1	011	03	33
644	S	014	05	27
644	S	064	06	19
644	M	346	52	25
644	S	342	03	25
645	1	342	03	33
645	S	346	52	31
645	S	324	03	33
646	M	201	04	25
646	1	205	03	25
646	S	200	53	25
647	1	325	71	32
647	M	324	71	32
647	S	291	71	31
647	M	270	71	32
647	M	285	71	32
648	1	322	53	18
648	S	353	53	18
648	S	141	53	18
649	1	001	74	34
649	M	011	01	34
649	S	211	05	18
649	S	002	01	34
649	S	014	05	27
650	1	400	52	11
650	M	131	53	11
651	1	001	74	34
651	M	002	01	34
651	M	011	01	34
651	S	016	06	19
652	1	430	01	27
652	M	002	01	26
652	S	048	09	19
652	S	021	01	26
653	1	430	53	34
653	S	075	53	26
653	S	021	53	40
654	1	183	02	18
655	1	166	53	19
655	S	048	53	19
655	S	001	53	19
656	1	225	74	32
656	1	466	53	39
657	1	346	52	31
657	S	347	52	31
657	M	342	03	33
657	S	442	03	33
658	1	321	71	32
658	M	324	71	32
658	S	048	71	40
659	1	205	03	33
659	S	203	05	25
659	S	201	72	25
659	S	202	72	25
660	1	001	74	40
660	M	002	01	26
660	M	011	01	34
660	M	430	01	26
660	M	225	74	24
661	1	001	74	34
661	M	011	01	34
661	S	016	06	19
661	S	080	05	19
662	1	346	52	31
662	M	342	03	25
662	M	400	53	19
662	S	009	03	19
663	1	342	03	25
663	M	346	52	31
664	M	325	71	32
664	M	270	71	32
664	S	131	71	40
664	1	324	71	32
664	S	285	71	32
664	S	276	53	
665	M	325	53	32
665	1	324	53	40
666	1	430	71	32
666	S	002	71	32
666	S	048	09	19
666	S	021	71	32
667	1	200	53	32
667	S	201	53	25
667	S	209	53	26
667	S	218	53	27
667	S	225	53	32
668	1	183	02	18
669	1	205	03	33
669	S	201	04	25
669	S	203	05	25
669	S	202	72	25
670	1	327	75	07
671	M	327	53	32
671	1	324	53	32
671	S	325	53	32
671	S	292	53	32
672	1	005	01	34
672	1	431	01	19
672	S	048	01	19
672	M	346	52	31
672	S	342	01	26
672	S	043	52	34
672	S	148	52	32
672	S	465	52	34
673	M	001	53	32
673	M	466	53	31
673	S	400	53	19
673	S	048	53	19
673	S	130	52	19
674	1	048	71	19
674	M	431	01	19
674	M	346	52	31
674	S	011	01	34
674	S	465	52	34
675	M	048	53	19
675	S	120	53	25
675	M	131	11	19
675	S	082	11	19
675	M	323	53	32
675	S	273	53	25
676	1	001	09	34
676	M	048	09	34
676	S	173	55	31
676	S	324	09	26
677	1	225	74	24
677	M	444	75	24
678	1	200	53	32
679	1	430	53	27
680	1	430	53	27
680	M	433	53	27
680	S	435	53	19
681	1	400	53	19
681	S	048	53	19
681	S	431	51	19
681	S	131	51	19
681	1	435	53	19
681	M	411	53	32
682	M	048	53	19
682	S	302	53	24
682	S	406	75	18
682	M	324	53	24
683	M	048	53	19
683	S	011	53	34
683	M	469	53	32
684	1	005	01	34
684	M	048	01	19
684	M	465	51	40
684	1	431	51	19
684	S	346	51	31
685	1	001	74	26
685	M	015	05	35
685	M	011	01	34
686	M	460	53	19
686	M	048	53	19
686	M	001	53	40
687	S	431	53	19
687	S	001	53	32
687	M	048	53	19
687	M	460	53	19
688	S	260	45	19
688	S	173	55	31
688	M	301	53	34
688	M	148	75	19
688	S	460	09	19
688	M	048	09	19
689	1	302	53	24
689	S	141	75	24
689	S	048	71	27
689	S	174	59	31
690	M	048	53	33
690	S	351	53	33
690	1	360	53	33
690	S	460	53	40
691	M	346	52	31
691	1	342	03	25
691	S	446	74	25
691	M	465	52	40
692	1	001	53	40
692	M	104	53	40
692	S	048	53	34
692	S	430	53	27
693	S	001	74	26
693	1	226	02	10
693	S	434	01	27
694	M	070	74	18
694	S	212	74	26
694	M	226	02	18
694	M	341	02	18
694	S	043	01	18
695	1	346	52	31
695	M	341	02	18
695	S	001	74	26
695	S	434	01	19
696	1	005	71	40
696	M	483	19	31
696	M	460	52	40
696	S	431	52	19
696	S	346	52	31
697	1	324	09	26
697	M	353	10	18
697	1	327	09	32
697	M	348	74	31
698	1	348	75	31
699	1	348	53	32
699	S	341	53	24
699	M	327	53	31
700	1	200	53	32
701	S	444	69	24
701	M	346	52	23
701	1	348	53	24
701	S	225	74	24
701	S	341	72	24
701	M	441	72	24
702	1	302	53	24
702	1	174	59	24
702	M	072	71	32
702	S	131	09	19
702	S	434	11	19
702	S	141	59	24
703	1	330	53	32
703	M	324	53	26
703	M	282	53	26
703	M	287	53	30
703	S	302	53	32
704	1	300	53	32
705	1	005	71	40
705	M	431	52	19
705	S	016	06	19
705	M	346	07	31
705	S	347	52	31
706	S	342	01	26
706	1	346	52	31
706	M	043	01	26
707	1	346	52	31
707	S	341	02	26
707	S	027	01	26
707	S	465	01	40
708	M	326	53	32
708	M	430	53	27
708	S	382	53	32
708	M	348	53	32
709	M	348	53	31
709	M	324	53	32
709	S	345	53	31
709	S	323	53	32
710	1	360	53	25
710	M	300	53	33
710	S	001	53	32
710	M	351	53	25
711	M	434	74	19
711	M	346	52	31
711	M	048	71	19
711	S	463	53	19
711	M	342	03	25
711	S	382	53	24
712	S	166	53	19
712	1	072	71	32
712	M	165	71	32
712	S	131	71	40
713	1	005	07	40
713	S	483	19	31
713	M	431	52	19
713	S	346	52	31
713	S	460	52	19
714	M	342	01	26
714	M	287	53	31
714	M	324	53	31
715	M	347	52	31
715	1	346	52	31
715	S	070	25	18
715	S	001	74	26
715	S	342	01	26
716	1	001	74	26
716	S	015	25	35
716	S	011	01	34
717	1	444	53	24
717	S	450	53	24
718	M	096	53	32
718	M	005	07	40
718	S	324	53	32
718	M	483	19	31
718	M	329	53	31
718	S	287	53	31
719	M	072	71	32
719	M	165	71	32
719	1	324	71	32
719	M	327	53	26
719	S	348	75	24
719	S	442	71	32
719	S	341	15	24
720	M	324	53	32
720	S	382	53	24
720	M	342	53	32
720	S	282	53	18
720	S	279	53	25
720	S	276	53	18
721	1	282	53	26
722	1	300	53	25
722	1	327	53	25
722	S	351	53	25
722	S	400	75	19
723	S	005	07	40
723	M	348	53	24
723	M	324	53	32
723	M	276	53	18
723	S	341	15	24
724	S	005	07	40
724	S	016	06	19
724	1	346	52	31
724	M	341	02	18
724	S	038	01	18
724	M	329	74	31
724	S	483	19	31
725	1	346	52	24
725	M	341	72	24
725	M	130	74	32
725	S	181	11	23
725	S	444	74	23
726	1	400	74	19
726	S	462	52	35
726	S	164	01	18
726	S	431	01	18
727	1	346	52	18
727	M	341	02	18
727	S	444	74	18
728	1	346	53	24
728	M	341	53	24
728	M	347	53	24
728	M	386	53	36
729	1	370	11	26
729	S	133	11	26
729	S	131	11	34
730	1	001	53	32
730	M	386	53	32
730	S	380	53	40
730	S	382	53	24
730	S	073	53	34
732	1	346	52	31
732	S	005	71	40
732	S	016	06	19
732	S	341	07	23
733	1	342	53	26
733	M	483	19	31
733	S	330	53	31
734	1	346	52	24
734	M	341	52	24
734	S	400	53	19
734	S	347	52	24
735	1	225	74	32
735	M	347	52	32
735	M	444	74	32
735	S	228	05	19
735	S	346	52	31
735	S	226	72	24
736	M	346	52	17
736	1	341	04	17
736	M	446	74	17
736	S	441	04	17
736	M	347	52	17
737	1	164	09	26
737	M	131	09	34
737	S	176	09	23
737	M	181	10	26
737	M	347	10	26
738	1	347	11	25
739	M	347	52	32
739	1	342	71	32
740	1	009	53	34
740	M	073	53	34
740	1	430	53	34
741	M	325	17	36
741	1	270	17	36
742	1	321	53	31
743	1	026	03	33
743	M	420	66	33
744	1	346	51	18
744	M	347	52	18
744	1	341	02	18
744	M	464	52	18
745	1	342	01	18
745	S	346	51	31
745	S	464	52	18
745	1	011	01	34
745	M	347	51	18
745	S	327	13	31
746	M	009	01	34
746	S	005	01	34
746	M	347	51	26
746	S	446	74	18
746	S	342	01	26
746	S	483	19	31
747	M	346	15	31
747	M	444	15	24
747	S	342	15	26
747	M	442	15	28
748	1	342	03	25
746	S	135	13	35
749	1	243	37	37
749	M	148	37	17
750	M	260	45	34
750	M	173	55	23
750	S	356	45	34
750	S	190	01	34
750	1	353	74	26
750	M	292	09	26
750	S	301	75	34
751	1	282	09	26
751	M	292	09	26
751	S	386	09	26
752	1	346	51	26
752	M	341	02	18
752	M	347	52	31
752	M	348	51	31
753	1	342	01	26
753	S	043	74	26
753	S	400	13	19
752	S	464	52	18
754	1	001	74	26
754	S	430	53	27
754	S	346	74	31
754	S	014	05	27
755	M	346	51	18
755	M	347	51	18
755	1	342	01	18
756	1	243	37	29
756	M	148	37	24
757	1	073	01	34
757	M	009	01	34
757	S	430	01	19
758	M	001	74	26
758	1	346	51	18
758	S	464	52	18
758	S	341	02	18
758	S	347	51	31
759	1	009	13	19
759	1	386	13	35
759	M	135	13	35
760	1	342	01	26
760	S	347	51	31
760	S	346	51	31
760	M	009	13	34
760	M	386	74	26
761	M	345	52	31
761	S	342	01	26
761	S	341	02	18
761	1	347	51	26
762	1	100	01	26
762	S	045	01	26
762	S	002	01	34
762	S	430	01	27
763	M	243	37	29
763	M	270	17	31
763	S	325	17	36
764	M	342	03	17
764	M	400	13	19
765	M	292	09	26
765	1	483	06	30
765	S	430	09	26
765	S	009	09	26
766	1	001	71	40
766	M	011	71	40
766	S	186	56	31
766	S	342	71	32
766	S	190	01	34
767	1	027	22	34
767	M	233	02	26
767	S	081	05	27
767	S	017	22	34
768	M	466	52	31
768	S	348	52	31
768	M	347	52	31
768	S	312	52	31
769	1	283	09	26
769	S	483	09	30
769	S	394	09	26
769	S	285	19	31
770	1	483	53	30
770	S	292	53	18
770	S	410	53	18
771	1	130	27	40
771	M	131	27	19
771	S	324	27	32
771	M	341	27	18
771	S	346	27	18
771	M	330	27	32
771	S	464	27	32
771	M	465	27	40
772	1	226	72	24
772	M	444	74	24
773	1	190	01	34
773	M	421	66	34
774	1	186	56	31
774	S	045	01	34
774	M	076	05	19
775	1	001	74	32
775	M	009	71	40
775	S	346	51	31
775	S	016	24	40
775	S	347	52	31
775	S	342	03	25
776	M	346	51	31
776	M	342	01	26
776	1	347	52	26
776	M	345	52	31
777	1	005	01	34
777	M	465	52	40
777	S	016	06	34
777	S	027	01	34
778	1	005	01	40
778	S	009	53	26
778	1	430	53	19
778	S	483	53	30
778	S	292	53	26
779	M	483	19	30
779	M	292	09	32
779	1	394	74	32
779	S	386	09	22
779	M	329	74	32
780	1	283	09	26
780	S	287	09	26
780	M	483	09	30
780	M	292	09	26
780	S	329	09	26
780	S	394	09	26
781	S	285	11	33
781	1	279	11	33
781	S	329	11	32
782	M	346	51	31
782	M	342	01	26
782	S	466	52	31
782	S	347	52	31
782	S	051	01	34
783	M	444	74	17
783	S	441	04	17
783	M	226	72	24
783	M	464	52	17
784	1	321	11	32
784	S	325	09	28
784	M	093	71	32
784	S	322	09	18
785	M	420	12	17
785	M	201	04	17
786	1	433	13	19
786	M	434	13	19
786	S	346	51	39
787	1	400	13	11
788	1	400	53	19
788	S	346	51	31
788	1	342	01	26
789	1	005	01	34
789	M	002	01	34
789	S	076	07	23
789	S	434	13	19
789	S	430	01	26
790	1	444	69	24
790	M	446	69	24
791	M	226	02	26
791	M	440	01	26
791	1	485	53	26
792	1	026	03	33
792	M	420	66	33
793	M	420	12	25
793	S	201	04	25
794	1	282	53	26
794	M	386	53	22
794	M	285	53	32
794	1	279	53	25
795	1	287	11	38
795	S	386	11	38
795	S	483	11	30
796	1	351	53	25
796	M	360	53	25
796	M	279	53	25
796	S	386	53	30
796	S	300	53	33
797	1	400	69	11
798	1	120	53	32
798	M	064	53	40
798	S	016	53	19
798	M	100	53	26
799	1	120	27	40
799	M	112	27	34
799	S	113	53	18
799	S	124	53	40
799	S	021	27	40
800	1	182	54	31
801	1	005	01	34
801	M	002	01	34
801	S	434	14	19
802	1	226	72	32
802	M	444	74	32
802	S	346	51	31
803	1	001	01	08
803	S	051	01	02
803	S	342	01	02
803	S	026	01	01
804	1	282	09	26
804	M	483	19	30
804	S	386	09	22
804	S	021	01	34
805	M	420	12	17
805	S	201	04	17
805	1	351	12	17
793	1	351	12	25
785	1	351	12	17
806	M	226	72	32
806	S	444	74	31
806	1	466	53	39
772	1	466	53	24
807	1	324	71	26
807	S	327	71	26
807	S	464	52	18
808	1	324	53	26
808	S	345	53	31
809	M	346	51	24
809	S	342	01	24
809	S	461	52	18
809	M	446	74	24
809	M	444	74	24
809	S	442	71	40
809	1	466	74	24
810	S	451	53	26
810	S	446	74	26
810	1	442	01	26
810	S	444	74	24
810	S	440	01	34
811	M	226	72	08
811	1	466	53	07
812	1	282	09	02
813	1	434	01	19
813	1	433	01	19
814	M	321	09	33
814	M	325	09	36
814	M	273	09	33
815	1	273	74	25
815	M	274	74	26
815	M	325	11	36
815	S	276	72	32
815	M	360	53	25
816	1	205	04	25
817	M	226	72	32
817	1	466	53	39
817	S	444	74	31
818	S	180	53	31
818	1	466	53	39
818	M	225	74	32
819	1	226	02	18
819	S	347	52	31
819	M	461	52	18
819	S	081	05	19
819	S	083	01	18
819	S	231	01	26
820	1	324	71	32
820	S	461	51	24
821	1	330	53	32
821	M	320	53	32
822	1	001	74	34
822	S	433	01	19
822	M	434	01	19
822	S	467	51	26
822	S	190	01	34
822	S	468	51	34
822	S	347	52	26
823	1	205	04	25
824	1	351	12	17
824	M	420	12	17
824	S	201	04	17
825	1	444	74	31
825	M	226	72	32
826	1	270	17	33
814	1	270	09	33
815	M	270	17	25
826	M	273	11	33
826	M	325	11	36
826	S	262	41	21
827	1	342	01	26
827	S	340	01	34
827	S	341	02	18
827	M	346	51	31
828	1	394	01	26
828	S	391	53	18
828	S	411	53	23
829	1	430	53	27
829	S	464	53	32
829	1	330	53	32
830	M	226	72	08
830	1	466	53	07
831	1	017	09	26
831	M	027	09	26
832	M	346	51	18
832	1	347	52	26
832	M	342	01	26
832	S	431	51	40
832	S	131	52	40
832	1	430	01	26
832	M	031	02	18
832	M	002	01	26
833	1	347	52	18
833	M	226	02	26
833	S	444	74	31
833	M	341	02	18
833	S	132	53	18
834	1	342	01	34
834	S	440	01	34
835	1	466	53	39
835	M	226	02	32
836	1	026	03	01
836	M	064	03	01
837	1	270	17	25
833	M	461	52	18
837	M	325	11	25
837	M	273	11	25
837	S	262	41	05
837	S	360	11	25
838	1	278	53	25
838	M	277	53	25
838	M	273	53	25
839	M	394	09	34
839	S	131	09	34
839	S	017	09	26
839	1	353	09	26
839	S	164	53	26
840	1	287	53	30
840	M	285	19	30
840	M	386	53	30
840	M	483	53	30
841	1	330	53	26
841	S	345	53	31
841	M	411	53	31
841	M	324	53	26
841	S	312	53	31
842	1	347	52	26
842	M	226	02	26
842	S	444	74	31
842	S	341	02	18
842	S	231	01	34
833	S	231	01	34
843	1	340	01	34
843	S	346	51	31
843	M	343	49	40
844	1	466	53	39
844	M	453	75	39
844	M	226	72	32
845	1	394	09	26
845	S	411	25	23
845	S	164	53	26
845	S	382	53	18
845	S	430	53	18
846	1	270	17	25
846	M	273	11	25
846	S	325	11	25
846	S	262	41	29
847	1	430	74	27
847	S	002	01	26
847	S	001	74	26
847	S	031	02	18
847	S	021	01	26
848	1	009	01	40
848	M	073	01	40
848	1	400	51	19
849	1	466	53	39
849	M	226	53	32
850	1	485	74	98
850	S	346	51	31
851	M	009	01	34
851	1	430	53	26
851	S	174	59	31
851	S	312	74	31
851	S	002	01	26
851	S	466	52	31
852	1	321	74	32
852	M	325	17	28
852	S	276	72	32
852	M	277	74	32
852	S	142	74	26
852	S	442	09	28
853	1	466	53	40
853	M	226	53	26
853	S	180	53	39
853	S	434	53	40
853	S	400	53	19
853	S	442	53	34
854	S	009	01	40
854	M	225	74	31
854	M	444	74	31
854	S	466	52	31
854	S	064	74	32
855	1	400	19	19
856	1	400	53	11
857	1	430	53	32
857	S	382	53	24
857	S	380	03	40
857	1	386	53	32
858	S	430	53	27
858	M	461	53	18
858	S	446	53	31
858	S	113	53	18
858	M	341	53	18
859	1	430	74	27
859	S	174	59	31
859	S	461	51	35
859	S	009	07	40
859	S	346	51	18
859	S	441	69	24
860	M	430	53	27
860	M	009	53	40
860	M	073	53	40
861	1	430	53	27
861	M	166	53	27
861	M	461	53	26
862	1	322	09	18
862	M	353	09	18
862	S	321	09	26
863	M	483	19	06
863	1	270	19	06
863	M	330	19	06
864	1	360	53	25
864	M	351	53	25
864	M	300	53	25
865	1	226	53	26
865	1	466	53	39
866	1	461	51	26
866	S	400	53	19
866	S	327	13	34
867	1	461	53	18
867	1	324	53	26
868	1	430	53	27
868	S	431	53	40
868	S	009	01	40
869	M	043	03	33
869	1	340	03	33
870	1	486	74	33
871	1	026	03	33
871	S	201	04	25
872	1	466	52	40
872	M	002	71	40
872	M	060	71	40
872	S	075	71	32
872	S	433	01	26
873	M	002	71	32
873	M	166	13	27
873	S	466	52	40
873	S	014	05	35
873	M	010	71	32
874	1	011	03	33
874	M	062	03	33
874	S	016	06	19
874	S	005	03	33
874	S	218	03	19
874	S	464	52	25
875	1	098	03	33
875	1	099	03	33
875	S	231	03	33
876	1	011	03	33
876	S	098	03	33
876	S	062	03	33
877	M	440	01	34
877	M	213	02	26
877	1	001	74	34
877	S	011	01	34
877	S	009	01	19
878	1	233	02	18
878	M	202	02	18
879	M	232	13	03
879	M	026	03	33
880	1	001	74	34
880	M	011	01	34
880	S	014	05	27
881	1	226	02	18
881	S	002	02	18
881	S	070	05	19
881	S	231	01	34
882	1	002	71	40
882	S	466	52	31
882	S	028	13	35
882	S	060	71	40
883	M	002	71	32
883	M	166	13	27
884	1	060	53	40
884	S	354	53	32
884	S	226	53	24
885	1	002	01	34
886	M	080	05	19
886	M	064	06	33
886	1	051	03	33
887	1	064	06	33
888	M	005	53	33
888	1	001	53	40
888	S	050	53	40
889	1	124	01	34
889	S	019	01	34
889	S	064	01	34
889	S	017	22	34
890	1	241	11	21
890	S	300	75	33
891	M	325	11	33
891	1	277	11	33
892	1	485	53	33
892	M	420	66	33
892	M	440	03	33
893	1	011	01	34
893	M	016	06	19
893	M	434	01	19
894	1	014	22	27
894	S	434	53	19
895	1	001	53	34
895	M	466	53	31
896	1	005	03	33
896	S	400	53	19
896	M	434	03	19
896	M	346	51	31
896	M	460	52	33
897	1	460	52	33
897	S	431	03	19
898	1	434	53	19
899	1	270	71	08
900	1	249	30	19
900	S	131	30	19
900	S	324	30	39
900	M	400	30	19
900	S	351	30	31
901	1	431	51	48
901	1	005	01	48
901	M	465	52	48
902	M	460	52	34
902	1	005	01	34
902	S	186	53	34
902	M	027	53	34
903	1	460	52	48
903	M	346	51	11
903	S	431	51	11
903	M	400	53	11
903	M	463	53	11
904	1	005	53	34
904	M	400	53	19
904	M	465	53	34
904	S	166	53	11
905	1	001	71	40
905	M	005	71	40
905	M	460	52	40
905	S	400	53	19
906	1	353	09	34
906	S	301	75	34
906	S	173	55	34
906	S	011	09	34
906	S	370	09	34
907	1	431	53	48
908	1	430	53	19
908	M	431	53	19
908	M	048	53	19
909	1	090	09	32
909	S	096	71	32
909	S	001	74	32
909	1	026	03	33
909	S	017	22	33
910	1	090	09	26
910	1	353	09	26
910	S	017	09	34
911	M	164	09	34
911	1	090	09	34
911	M	384	01	34
912	1	090	09	25
912	M	026	03	25
912	S	160	53	25
912	S	001	74	25
913	1	090	09	27
913	M	466	52	31
913	S	015	13	35
914	1	090	09	27
914	1	466	52	31
914	S	014	05	27
915	1	244	38	21
915	M	243	37	29
916	1	002	01	34
916	1	064	01	34
917	1	351	11	25
917	M	090	09	25
917	M	273	74	25
917	M	270	17	25
918	1	102	53	19
918	M	082	53	19
918	1	430	53	19
919	1	090	53	32
919	S	405	53	19
919	M	360	53	26
919	S	370	53	25
919	M	435	53	27
920	1	090	09	32
920	M	291	74	32
920	S	284	17	31
920	M	148	74	32
920	S	136	74	32
920	S	164	09	02
921	M	014	05	27
921	M	102	13	27
921	1	090	09	27
922	1	483	74	19
922	S	384	53	19
922	M	082	53	19
922	S	064	71	40
923	S	284	11	23
923	S	134	11	33
923	M	242	11	17
923	1	350	11	25
923	S	148	11	25
923	S	272	11	19
924	M	242	11	25
924	1	350	11	25
924	S	148	11	25
925	1	090	09	33
925	M	026	03	33
925	M	064	03	33
925	S	082	53	19
926	S	325	09	34
926	1	270	74	28
926	1	090	09	26
926	M	284	17	31
926	S	164	09	26
927	1	060	01	34
928	1	002	71	40
928	M	011	71	40
929	1	002	71	40
929	S	011	71	40
930	1	002	71	40
930	1	090	09	32
931	1	002	71	08
931	M	064	71	08
932	1	090	74	27
932	M	466	52	31
932	M	014	05	27
933	1	026	01	34
933	S	017	01	34
933	S	045	01	34
934	1	016	06	27
934	S	166	13	27
934	S	461	13	35
934	S	165	13	24
935	1	350	11	33
935	M	356	11	33
935	S	225	11	25
935	S	131	11	19
935	S	244	37	21
935	S	360	53	25
936	1	270	15	28
936	M	284	17	31
936	M	133	74	32
936	S	325	15	28
937	1	090	09	32
937	M	405	53	27
937	M	045	71	32
937	S	017	71	32
938	1	011	71	40
938	M	002	71	40
938	S	060	71	40
939	S	134	11	33
939	1	090	11	33
939	M	356	11	33
940	1	014	05	27
940	S	064	05	27
940	M	483	20	27
940	S	012	02	18
941	S	133	53	19
941	1	273	74	23
941	S	325	17	25
941	S	386	53	19
941	M	284	17	23
942	M	094	09	34
942	S	048	09	34
942	M	353	09	34
942	S	356	09	34
942	M	002	09	34
942	S	061	09	26
943	1	396	74	25
943	M	351	74	25
943	M	386	74	25
944	1	014	05	19
944	S	064	05	19
944	M	029	74	19
944	M	384	53	19
945	M	166	13	19
945	M	190	02	19
945	M	226	02	18
945	S	002	02	18
945	S	483	19	18
945	S	231	09	26
946	1	001	74	32
947	1	001	74	40
947	S	060	71	40
947	S	002	71	40
947	S	080	03	19
947	S	034	04	25
947	S	072	03	33
947	S	011	01	40
948	M	483	19	27
948	1	014	05	27
948	S	064	05	27
948	S	384	19	19
949	M	270	71	25
949	S	325	11	25
949	S	172	11	31
949	M	011	11	40
949	1	351	11	25
949	M	104	11	40
949	S	201	04	17
950	1	384	09	19
950	M	400	09	19
951	1	190	02	26
952	M	002	71	24
952	M	166	13	27
952	M	047	72	24
952	M	226	72	24
952	S	466	52	31
952	M	461	52	35
952	S	175	13	27
952	S	432	59	27
953	1	011	74	34
953	M	016	06	19
953	S	064	06	34
953	M	381	01	34
954	1	270	71	08
955	1	005	71	40
955	M	016	06	19
955	M	011	71	40
955	S	064	06	19
956	1	270	71	32
956	M	330	71	32
956	S	276	72	32
957	M	270	19	30
957	M	264	41	29
957	M	302	75	24
957	1	483	19	30
957	S	174	59	23
958	1	027	71	40
958	M	002	71	40
958	S	029	71	40
959	S	233	04	17
959	1	001	74	33
959	M	467	03	33
959	M	011	03	33
960	M	011	09	40
960	M	290	09	40
960	S	285	09	40
961	1	233	04	17
961	1	202	04	17
961	S	063	04	17
961	M	098	03	25
962	M	321	09	40
962	M	131	09	19
962	S	403	09	19
963	1	131	09	19
963	M	463	09	19
963	M	400	09	19
963	S	467	53	40
963	S	165	53	40
964	1	002	71	40
964	M	206	04	25
964	S	233	04	25
965	1	001	01	34
965	S	017	01	34
965	S	019	01	34
965	S	060	01	34
965	M	011	01	34
965	M	013	02	26
966	M	467	52	33
966	M	002	03	33
966	M	011	03	33
967	M	002	72	24
967	M	047	72	24
967	M	226	72	24
967	S	443	69	39
967	S	461	52	35
967	M	466	52	31
967	S	453	13	35
968	1	001	74	40
968	M	044	05	19
968	M	011	71	40
968	S	002	71	40
969	1	270	71	32
969	M	321	72	32
969	M	276	72	32
969	M	325	11	32
969	S	442	71	32
969	M	320	53	32
969	S	001	74	32
969	M	277	15	32
969	S	275	72	32
969	S	164	09	26
969	S	302	75	18
969	S	174	59	31
969	M	226	72	32
969	S	231	09	40
969	S	080	09	19
970	1	174	59	31
970	S	198	74	25
970	S	201	04	17
971	M	002	71	40
971	1	044	05	27
971	M	442	71	32
972	1	043	03	33
972	M	064	06	19
972	S	468	52	33
972	S	463	52	19
972	S	462	52	35
972	M	400	53	19
973	1	124	01	34
973	M	005	01	34
974	M	027	01	34
974	M	017	22	34
974	1	211	02	26
974	S	015	05	35
975	1	026	03	33
976	1	001	74	40
976	1	002	71	40
976	M	011	71	40
977	1	005	01	34
977	M	218	06	19
977	M	011	01	34
977	M	016	06	19
977	S	191	01	19
977	S	063	02	18
978	1	231	11	25
978	1	205	53	25
978	1	232	13	27
979	1	124	01	26
979	M	051	07	31
980	1	102	09	27
980	S	048	09	19
981	1	124	09	26
981	M	120	09	26
981	S	463	09	34
980	M	044	09	27
981	S	015	05	35
982	1	270	71	40
982	M	131	71	19
982	S	231	11	19
982	S	442	71	32
982	S	011	71	40
983	M	325	09	20
983	S	193	11	25
983	M	231	11	25
983	S	360	53	25
983	1	270	71	32
983	M	275	71	40
983	S	370	09	26
984	M	124	01	34
984	S	062	01	34
984	M	072	71	32
984	M	461	52	24
985	1	001	74	26
985	M	014	05	27
985	S	451	52	26
985	S	043	02	26
986	1	002	71	32
986	1	226	72	24
986	M	047	72	24
987	1	225	74	26
987	S	231	09	26
987	S	082	09	19
988	1	002	71	32
988	M	225	74	24
988	S	186	53	31
988	M	075	71	32
988	M	047	74	24
989	M	002	09	34
989	M	231	09	34
989	S	080	09	19
989	1	121	53	34
990	1	002	71	32
990	M	075	71	32
991	1	082	05	19
991	1	446	74	25
991	M	451	52	25
991	S	440	03	33
991	S	098	03	25
992	1	440	03	33
992	S	131	03	33
992	S	347	52	31
993	1	442	03	25
993	M	443	69	31
994	1	002	71	32
994	S	225	74	24
995	1	001	74	26
995	S	211	02	26
995	S	005	01	34
995	S	015	05	35
996	1	011	03	33
996	S	005	03	33
997	S	197	05	19
997	M	198	03	33
997	S	225	74	25
997	M	043	03	25
997	S	001	74	25
998	1	011	09	34
998	M	005	09	34
999	M	226	02	18
999	M	231	01	26
999	M	209	02	18
999	M	164	53	26
999	1	234	01	26
999	M	301	53	26
999	1	043	55	18
999	S	070	05	26
1000	1	226	02	26
1000	M	231	01	26
1001	1	002	71	24
1001	M	047	72	24
1001	M	031	72	24
1001	1	466	52	24
1001	S	075	71	32
1002	1	131	09	42
1002	M	392	09	42
1002	M	400	09	42
1002	S	286	09	42
1002	1	283	09	42
1002	S	483	09	34
1003	1	001	74	32
1003	S	002	71	40
1003	M	011	71	40
1003	M	226	02	32
1003	S	231	01	34
1004	M	002	01	40
1004	1	051	07	40
1005	1	166	13	03
1006	M	431	09	26
1005	1	431	09	02
1006	M	164	09	26
1006	M	120	09	34
1006	S	001	09	34
1007	1	466	53	35
1007	S	002	71	32
1007	S	015	13	35
1008	1	043	03	25
1008	M	098	03	33
1008	M	084	03	33
1008	S	442	03	25
1009	M	080	05	19
1009	M	064	06	33
1009	1	051	03	33
1010	1	064	03	33
1010	M	026	03	33
1010	S	060	03	33
1011	S	011	11	33
1011	S	231	11	25
1011	S	324	11	33
1011	S	148	11	17
1011	1	353	11	25
1011	S	241	11	17
1012	M	064	06	19
1012	1	051	03	33
1012	S	082	13	19
1013	1	043	03	33
1013	M	465	52	33
1014	1	011	01	34
1014	M	002	01	34
1014	M	045	01	34
1015	M	043	01	26
1015	1	001	01	26
1016	M	015	05	35
1016	1	226	72	24
1016	M	079	72	24
1017	1	003	74	32
1017	M	461	52	31
1018	M	014	09	27
1018	1	050	09	32
1019	1	190	01	34
1019	S	005	01	34
1020	1	190	01	34
1020	1	420	66	34
1021	1	050	09	32
1021	S	011	71	40
1021	S	014	05	27
1021	M	190	01	34
1021	M	300	75	34
1021	M	231	09	34
1022	1	011	71	40
1023	1	011	01	34
1023	S	102	05	27
1024	1	182	54	31
1025	1	011	03	33
1025	S	014	05	27
1026	S	400	07	19
1026	M	051	07	31
1026	1	001	74	26
1026	S	002	71	34
1026	S	014	05	27
1027	1	005	01	34
1027	S	232	13	27
1027	S	226	72	24
1028	1	005	01	40
1029	1	005	01	34
1029	M	016	01	19
1030	M	005	01	40
1030	1	014	05	27
1030	M	102	05	27
1030	S	232	13	27
1030	S	226	72	24
1030	S	385	53	32
1031	1	005	01	40
1031	1	165	01	26
1031	S	016	01	19
1032	M	005	01	40
1032	M	160	09	31
1032	M	164	09	26
1032	M	014	05	27
1032	S	081	05	27
1032	S	177	53	31
1033	1	011	03	33
1033	S	005	03	33
1033	M	080	05	19
1033	S	043	03	33
1033	S	225	74	25
1034	1	400	53	11
1034	M	434	14	11
1034	S	384	53	11
1034	S	016	06	19
1034	S	463	52	19
1035	M	430	13	35
1035	M	166	13	27
1035	S	005	01	34
1035	S	082	13	27
1035	S	312	13	27
1035	S	462	52	35
1036	1	430	09	34
1036	S	131	09	34
1036	S	011	09	34
1037	1	001	74	34
1037	S	045	01	34
1038	S	211	02	18
1038	1	005	01	34
1038	M	011	01	34
1039	1	070	05	19
1039	M	211	05	19
1039	S	381	01	34
1040	1	070	13	19
1040	1	124	01	26
1041	M	191	03	33
1041	M	011	03	33
1041	M	072	03	33
1041	S	464	52	25
1042	1	163	11	33
1042	M	131	11	33
1042	M	144	11	33
1042	M	231	11	33
1042	S	227	11	19
1042	S	072	11	33
1043	1	001	01	26
1043	M	043	01	26
1044	M	002	01	34
1044	M	051	07	40
1045	1	466	52	33
1045	S	312	03	33
1045	S	400	53	19
1045	S	463	53	19
1045	S	131	03	33
1046	M	045	01	34
1046	M	434	14	19
1046	S	131	01	34
1046	S	112	53	34
1046	1	005	01	34
1047	M	045	01	34
1047	1	001	74	27
1047	M	018	05	35
1047	S	461	52	35
1047	S	225	74	24
1048	1	381	71	40
1049	1	005	03	33
1049	M	346	51	31
1049	S	340	03	33
1049	M	434	03	19
1049	M	460	52	33
1049	S	400	53	19
1050	1	400	14	19
1050	S	005	03	33
1050	S	465	52	33
1051	1	270	71	08
1052	1	270	71	40
1052	M	285	11	33
1052	M	351	11	33
1053	1	005	03	33
1053	M	460	52	33
1053	S	016	06	19
1053	S	431	51	19
1053	S	131	53	19
1054	M	005	01	34
1054	M	002	01	26
1054	S	075	02	18
1054	S	183	02	18
1054	S	225	74	18
1054	1	001	74	26
1055	1	270	71	08
1056	1	005	01	34
1056	M	016	06	19
1057	M	047	01	26
1057	S	045	01	34
1057	1	466	52	26
1057	M	011	01	34
1058	1	346	51	17
1058	S	341	04	17
1058	S	347	52	31
1058	S	226	72	24
1058	S	444	74	24
1059	1	400	52	11
1059	S	131	53	11
1060	M	324	71	40
1060	1	270	71	40
1060	M	131	71	40
1060	S	243	37	29
1061	M	327	71	32
1061	M	325	15	36
1061	1	321	74	32
1061	S	284	17	31
1062	1	430	74	26
1062	M	002	01	26
1062	M	021	01	26
1062	S	183	02	18
1062	S	047	01	26
1063	1	205	04	25
1064	1	205	68	25
1064	1	420	68	25
1064	M	356	68	33
1065	1	431	51	40
1065	1	005	01	34
1065	M	400	53	19
1065	M	460	52	40
1065	S	346	51	31
1065	S	143	52	24
1065	S	131	74	40
1066	1	008	13	40
1067	S	131	09	34
1067	M	460	09	34
1067	S	430	09	26
1067	1	164	09	34
1068	S	460	52	40
1068	S	096	71	40
1068	1	001	74	40
1068	M	430	74	32
1068	S	440	03	40
1069	1	346	51	17
1069	S	460	52	40
1069	M	341	04	17
1070	M	400	30	40
1070	1	131	30	40
1070	M	300	30	40
1071	M	460	52	40
1071	1	051	01	40
1071	S	100	01	34
1072	1	011	01	34
1072	S	465	52	34
1072	M	005	01	34
1072	S	464	52	18
1073	1	005	07	40
1073	M	051	07	40
1073	S	002	01	26
1073	S	061	02	18
1073	1	460	52	40
1073	M	431	51	40
1074	M	051	07	40
1074	1	005	71	40
1074	M	483	20	26
1074	S	460	52	40
1074	M	289	74	31
1075	1	001	74	26
1075	S	430	53	26
1075	S	226	02	18
1075	M	043	01	26
1075	S	346	51	19
1075	S	400	53	19
1075	S	005	01	34
1076	1	070	05	19
1076	M	212	05	19
1076	M	082	01	19
1077	1	001	74	34
1078	1	381	01	34
1079	1	381	01	34
1079	M	380	09	34
1079	M	346	51	26
1079	S	134	09	34
1080	1	446	04	25
1080	S	442	03	25
1080	S	434	14	19
1081	1	346	51	31
1081	S	341	02	18
1081	S	043	01	26
1081	M	047	01	26
1081	S	027	01	34
1081	S	002	01	26
1082	M	051	07	32
1082	1	005	71	40
1082	1	346	51	18
1082	S	431	51	40
1082	M	341	02	18
1083	1	181	09	34
1083	M	346	09	26
1083	S	131	09	34
1084	1	131	09	34
1084	M	430	09	34
1085	M	181	09	26
1085	M	347	52	26
1085	M	321	09	26
1085	M	277	17	31
1085	S	173	55	31
1083	M	173	09	23
1086	1	073	01	34
1086	M	430	01	19
1086	M	009	01	19
1087	1	466	52	24
1087	S	031	72	24
1087	M	226	72	24
1087	S	464	52	17
1087	M	450	72	24
1088	S	356	11	33
1088	M	026	03	33
1088	S	017	22	33
1088	S	146	11	33
1088	1	124	03	33
1089	1	300	75	40
1089	S	172	75	23
1089	S	106	75	40
1089	S	356	75	40
1089	S	131	75	40
1089	S	346	75	19
1090	1	005	01	34
1090	S	346	51	31
1090	S	464	52	24
1091	1	282	09	26
1091	M	005	01	34
1091	1	124	01	34
1091	1	324	09	32
1091	M	327	13	32
1091	M	394	09	30
1092	1	324	09	26
1093	S	340	01	34
1093	S	343	49	27
1093	1	342	01	26
1093	M	346	51	18
1093	M	434	01	19
1094	M	346	51	31
1094	M	347	52	31
1094	1	342	01	34
1095	1	300	73	33
1096	1	324	71	40
1096	M	461	51	18
1096	S	400	53	19
1097	1	466	52	31
1097	M	226	72	32
1098	S	347	52	31
1098	1	342	01	34
1098	S	043	01	26
1098	S	340	01	34
1098	M	346	51	26
1099	1	466	53	31
1099	M	226	72	32
1100	1	400	52	19
1100	1	043	03	33
1101	M	400	52	19
1101	1	043	03	33
1101	1	324	13	40
1101	S	464	52	26
1102	1	064	06	34
1102	M	005	01	34
1102	S	016	06	19
1102	S	043	01	26
1102	S	071	05	19
1102	S	430	01	26
1103	1	270	17	25
1103	M	273	11	25
1103	M	321	71	32
1104	1	205	04	25
1104	S	420	66	25
1105	1	190	01	34
1106	1	466	52	31
1106	M	225	72	32
1106	S	180	53	31
1107	M	446	74	24
1107	M	347	52	24
1107	M	444	52	24
1107	1	466	52	24
1107	S	226	02	18
1108	1	346	51	18
1108	M	064	06	18
1108	M	341	02	18
1109	1	125	01	02
1110	M	273	11	25
1110	S	325	11	25
1110	S	131	11	33
1110	1	270	17	25
1110	S	262	41	29
1111	M	411	53	23
1111	M	394	09	34
1111	M	390	09	34
1111	S	483	19	26
1112	1	009	01	34
1112	M	430	53	19
1112	S	434	14	19
1112	S	400	01	19
1113	1	360	11	25
1113	M	350	11	25
1113	S	241	11	25
1114	1	444	52	24
1114	M	443	70	31
1114	M	347	52	24
1114	1	346	51	24
1115	1	485	53	27
1115	1	166	53	27
1115	M	353	53	27
1115	S	168	61	27
1116	M	430	74	27
1116	M	009	01	34
1116	S	133	74	32
1116	M	461	52	24
1116	S	483	19	30
1116	S	190	01	34
1117	1	360	11	33
1117	S	350	11	33
1117	S	148	11	33
1039	S	082	05	19
640	S	028	25	27
1118	1	350	11	25
1118	M	148	11	32
1118	S	242	11	25
1118	S	300	53	40
1119	1	090	09	26
1119	S	082	09	19
1119	S	301	53	34
1119	S	384	09	19
1119	M	353	09	34
1119	S	148	09	19
1120	1	090	13	27
1120	S	166	13	19
1120	M	466	52	31
1120	S	435	13	19
1121	1	026	03	33
1121	S	090	71	32
1122	1	027	01	34
1122	S	300	03	25
1122	M	026	03	33
1122	S	090	71	32
1123	1	026	03	33
1123	S	420	03	33
1124	M	241	11	17
1124	1	350	11	25
1125	1	241	53	17
1125	1	350	53	17
1125	S	360	53	17
1126	1	090	53	32
1126	M	060	53	40
1127	S	094	71	40
1127	S	010	71	40
1127	1	002	71	40
1127	S	060	71	40
1128	1	002	71	40
1128	M	430	71	32
1128	M	466	52	31
1129	S	002	71	25
1129	1	010	03	25
1129	S	038	03	25
1130	1	001	71	32
1130	M	045	71	32
1130	S	002	71	32
1131	1	001	71	08
1131	M	002	01	40
1131	M	384	71	32
1132	1	384	03	25
1132	S	002	05	27
1132	M	029	03	25
1133	1	172	53	31
1133	M	384	53	31
1134	M	002	05	27
1134	1	384	75	19
1134	M	302	53	19
1135	1	002	01	34
1135	M	430	01	26
1135	S	148	09	19
1135	S	356	09	40
1135	M	090	09	34
1136	M	037	09	19
1136	S	384	09	19
1136	M	430	09	26
1136	M	009	09	19
1137	M	430	53	32
1137	1	100	53	26
1137	M	021	53	32
1137	S	002	53	40
1137	S	435	53	19
1138	1	010	71	32
1138	S	038	71	32
1138	M	384	71	27
1139	M	483	19	32
1139	1	001	74	32
1139	M	045	01	26
1140	1	430	53	27
1141	1	300	53	40
1141	S	430	53	40
1142	M	356	11	33
1142	M	300	11	33
1142	M	134	11	33
1142	M	131	11	33
1143	1	243	37	29
1144	1	045	03	40
1144	S	010	71	32
1144	M	037	05	19
1144	M	029	03	25
1145	M	291	17	31
1145	1	270	17	25
1145	1	273	53	17
1146	1	002	53	32
1146	S	060	53	40
1147	1	451	52	07
1147	S	446	69	31
1148	1	451	52	31
1148	S	450	15	31
1149	1	001	74	32
1149	S	002	03	25
1149	S	045	71	25
1149	S	405	53	19
1149	S	483	75	19
1150	1	163	11	25
1150	S	360	11	25
1150	S	300	53	25
1150	S	273	53	25
1151	S	163	11	25
1151	M	356	11	41
1151	1	148	11	41
1151	1	090	11	33
1151	M	392	11	19
1151	S	134	11	19
1151	S	131	11	19
1152	M	163	53	25
1152	M	360	53	25
1152	S	300	53	25
1152	S	407	53	25
1153	1	001	74	40
1153	M	005	71	40
1153	S	463	52	40
1153	M	465	52	40
1153	S	014	05	27
1153	S	431	71	19
1154	1	005	71	40
1155	1	182	74	31
1156	1	011	03	33
1156	S	038	03	33
1157	1	005	01	34
1158	1	005	01	34
1158	S	045	01	34
1159	1	166	13	03
1160	1	100	09	02
1160	S	050	09	02
1161	M	094	71	40
1161	M	226	71	32
1161	M	232	13	27
1161	M	002	71	32
1162	1	205	75	25
1162	M	201	72	25
1163	1	243	37	29
1163	S	262	41	29
1163	S	254	39	29
1164	1	183	72	31
1164	S	400	11	19
1165	1	001	74	32
1165	M	014	05	27
1165	S	011	71	40
1166	1	001	74	25
1166	S	191	06	19
1166	S	201	72	25
1166	S	026	03	33
1166	M	015	05	27
1167	M	166	05	19
1167	1	190	05	26
1167	S	050	09	26
1167	M	001	09	26
1168	M	003	74	32
1168	1	051	74	32
1168	S	461	51	24
1168	S	002	71	32
1168	S	102	05	27
1169	1	002	71	08
1170	1	300	53	33
1170	S	360	53	33
1170	S	001	11	33
1171	1	182	54	39
1171	S	400	53	19
1172	1	226	72	24
1172	S	232	13	24
1172	M	002	72	24
1173	S	001	74	26
1173	1	030	01	19
1173	M	384	01	19
1174	1	384	53	19
1175	1	442	71	32
1175	S	461	51	24
1176	1	193	11	17
1176	1	231	11	17
1176	M	420	66	17
1176	M	203	05	25
1176	M	163	11	17
1177	M	124	09	26
1177	1	120	09	26
1177	M	050	09	26
1178	1	120	53	32
1178	M	124	53	32
1178	S	002	53	40
1179	1	182	54	07
1180	1	001	07	32
1180	S	431	07	19
1181	1	011	03	33
1181	S	016	06	19
1182	1	201	72	25
1182	M	205	04	33
1183	1	205	04	25
1183	S	202	72	25
1184	1	011	03	33
1184	S	468	51	33
1184	S	400	53	19
1185	1	070	25	19
1185	M	212	25	19
1186	1	001	74	32
1186	M	011	71	40
1186	S	081	05	27
1186	S	046	71	32
1187	M	002	71	32
1187	M	232	13	27
1187	1	226	72	32
1188	1	231	11	25
1188	M	227	11	19
1188	S	241	11	17
1189	1	002	05	27
1190	1	001	74	27
1190	M	014	05	27
1190	S	051	07	31
1191	1	205	53	33
1192	1	204	25	25
1192	M	015	25	27
1192	S	019	53	33
1193	1	001	74	25
1193	S	191	03	19
1193	M	043	03	33
1194	1	005	03	33
1194	S	009	03	33
1194	S	218	03	33
1195	1	001	74	26
1195	M	002	01	34
1195	S	442	01	34
1196	1	120	01	26
1196	M	050	01	26
1197	1	300	53	40
1197	M	001	53	32
1197	S	050	53	24
1197	S	241	11	21
1198	1	182	54	31
1198	S	183	02	31
1199	1	026	03	33
1199	1	420	66	33
1200	1	341	02	24
1200	M	346	52	23
1200	M	444	74	24
1200	S	225	74	24
1200	S	450	53	24
1201	S	016	71	19
1201	M	347	52	23
1201	1	346	52	23
1201	S	434	52	31
1201	S	444	52	23
1201	S	342	71	32
1202	S	048	01	19
1202	1	073	01	26
1202	S	430	01	27
1203	1	048	09	26
1203	M	430	09	26
1203	M	346	53	31
1203	S	131	09	34
1203	S	342	09	34
1204	1	441	69	24
1204	M	346	52	23
1205	1	420	66	33
1205	M	026	03	33
1206	1	048	71	19
1206	M	005	71	40
1206	M	431	01	19
1206	M	342	01	32
1206	S	166	13	19
1207	1	011	01	34
1207	M	048	01	34
1207	S	002	01	34
1207	M	016	06	19
1207	S	191	01	19
1208	M	166	13	27
1208	S	064	05	27
1208	1	014	13	27
1209	M	045	01	34
1209	M	466	52	31
1210	1	001	74	26
1210	M	015	25	27
1210	M	394	25	19
1210	S	191	26	19
1211	1	011	53	34
1211	M	120	53	34
1211	M	045	53	34
1212	1	400	03	19
1213	M	431	03	19
1213	1	011	03	33
1213	S	043	03	25
1213	M	191	03	19
1214	1	191	71	19
1214	M	011	71	40
1214	S	045	71	40
1215	M	442	71	32
1215	1	446	74	24
1215	M	444	74	24
1216	1	243	37	29
1217	1	011	53	40
1217	M	048	53	40
1218	1	070	25	19
1218	S	043	01	26
1218	S	124	01	26
1218	M	212	25	26
1218	S	394	01	19
1218	S	082	25	19
1218	S	175	13	18
1219	1	001	74	24
1219	S	046	71	32
1219	M	015	05	35
1219	M	013	72	24
1220	1	070	25	26
1220	M	013	72	18
1221	S	164	09	26
1221	1	001	09	26
1221	M	301	55	26
1221	S	050	55	18
1221	S	131	09	19
1222	M	002	71	24
1222	1	226	72	24
1222	M	461	52	24
1223	1	231	11	19
1223	S	227	11	19
1223	M	241	11	29
1223	S	300	53	25
1224	1	010	03	25
1224	S	043	03	25
1224	S	191	03	19
1224	S	014	05	27
1225	1	011	07	40
1225	M	016	06	19
1225	S	002	01	34
1225	S	039	07	31
1226	1	061	02	18
1226	S	483	75	18
1226	S	031	02	18
1227	1	264	41	05
1227	S	285	75	31
1228	1	243	37	05
1229	1	205	04	25
1229	S	201	72	25
1229	S	202	02	25
1230	M	001	53	32
1230	1	120	53	32
1230	S	013	53	24
1231	1	001	74	25
1231	M	011	03	33
1231	S	203	05	25
1231	M	043	03	25
1231	S	015	05	35
1231	S	431	03	19
1231	S	074	13	19
1232	1	209	02	02
1233	1	120	53	26
1233	M	010	53	32
1233	S	046	53	24
1233	S	015	53	35
1233	S	002	53	32
1233	S	124	53	24
1234	1	120	53	26
1234	M	001	53	26
1234	S	124	53	26
1234	M	353	53	26
1235	1	010	01	34
1235	S	002	01	34
1235	M	017	53	34
1235	S	050	53	24
1236	M	070	05	19
1236	1	002	71	32
1236	M	034	71	24
1236	M	461	52	24
1236	S	060	71	40
1237	1	002	71	40
1237	M	011	07	40
1237	M	016	06	19
1237	S	082	05	19
1238	1	045	01	26
1238	M	011	01	34
1238	S	002	71	26
1238	M	166	13	27
1239	1	011	01	34
1239	M	005	01	34
1239	S	434	01	19
1240	M	166	13	27
1240	M	164	01	26
1240	1	001	74	26
1241	1	001	53	34
1241	M	011	53	34
1241	1	100	53	26
1241	S	046	53	26
1242	1	001	03	33
1242	M	400	03	19
1242	S	431	03	19
1242	M	191	03	19
1242	S	232	13	19
1243	M	027	01	34
1243	1	190	01	34
1243	S	211	05	18
1243	M	421	66	34
1244	1	011	53	34
1244	M	045	53	34
1244	S	048	53	34
1245	1	001	03	33
1245	S	218	03	19
1245	S	203	05	25
1245	M	011	03	33
1245	S	346	52	31
1245	S	465	52	33
1246	1	108	53	33
1246	1	011	53	33
1246	S	009	53	33
1247	1	011	03	33
1247	M	108	03	33
1247	M	203	05	25
1248	1	233	02	18
1248	M	210	02	18
1248	S	005	07	40
1248	M	002	02	18
1248	M	183	02	18
1248	M	234	02	18
1249	S	002	01	40
1249	M	014	05	27
1249	S	166	13	19
1249	1	001	74	27
1250	1	011	01	34
1250	S	015	05	35
1250	M	045	01	34
1250	S	218	01	26
1250	S	225	74	18
1251	M	045	01	26
1251	1	001	74	26
1251	M	014	05	27
1251	S	002	01	40
1251	S	466	01	31
1252	1	270	71	32
1252	M	324	71	32
1252	M	325	53	28
1252	S	353	10	26
1252	S	351	71	32
1253	1	273	17	25
1253	1	270	17	25
1253	M	325	15	28
1253	S	262	41	21
1253	S	131	11	33
1253	S	277	17	31
1254	1	346	52	31
1254	M	342	01	26
1254	S	465	52	34
1254	S	348	75	23
1255	M	390	01	34
1255	1	394	01	26
1255	M	396	25	23
1255	S	391	27	18
1256	M	430	53	24
1256	S	329	53	24
1256	S	048	53	40
1256	1	326	53	32
1256	S	464	53	18
1257	1	466	75	07
1257	S	225	75	07
1258	M	356	09	26
1258	1	266	09	26
1258	M	164	09	18
1259	1	001	74	40
1259	M	045	01	40
1259	S	005	71	40
1260	1	002	71	32
1260	M	166	13	27
1261	1	002	71	32
1261	S	060	71	40
1261	M	226	72	24
1261	S	232	13	24
1261	M	034	71	32
1261	M	166	13	19
1261	S	102	53	27
1261	S	445	69	31
1262	1	001	74	32
1262	M	015	05	35
1262	M	191	06	19
1262	M	005	71	32
1262	S	211	05	18
1262	S	082	01	19
1263	1	001	74	40
1263	M	005	71	40
1263	M	038	71	40
1263	M	191	06	19
1263	S	431	03	19
1263	S	441	52	24
1263	M	014	05	27
1264	1	001	01	40
1264	1	100	01	26
1264	S	002	01	34
1264	S	430	01	27
1264	S	164	01	18
1265	M	191	11	19
1265	S	014	11	27
1265	M	442	11	32
1265	S	441	11	24
1265	M	005	11	40
1266	1	483	19	31
1266	M	051	07	31
1266	S	329	75	31
1266	S	411	53	31
1266	M	289	19	31
1267	1	483	53	31
1267	M	100	53	26
1267	M	292	53	26
1267	S	001	53	40
191	S	148	53	24
1268	1	324	71	32
1268	1	461	51	24
1268	M	346	52	31
1268	S	342	01	18
1268	S	466	52	31
1269	1	324	53	18
1269	S	327	53	31
1270	1	441	69	24
1270	S	346	52	23
1270	M	341	72	24
1270	S	446	74	24
1270	M	444	74	24
1271	1	342	53	32
1271	M	452	53	32
1271	S	446	53	24
1271	M	442	53	32
1271	S	321	53	32
1271	S	351	53	25
1272	1	282	09	26
1272	M	394	09	26
1272	S	431	01	19
1273	1	341	53	18
1273	S	347	53	18
1273	M	324	53	18
1273	S	433	53	27
1274	1	205	04	25
1274	S	202	02	25
1274	S	201	74	25
1275	1	346	52	23
1275	M	411	75	31
1275	M	341	72	24
1276	1	011	71	40
1276	M	002	71	40
1276	S	005	71	40
1277	1	002	71	08
1277	M	175	13	03
1278	1	483	19	31
1278	M	051	74	31
1278	S	406	53	18
1278	S	124	01	26
1279	M	400	52	19
1279	1	192	52	19
1280	1	430	59	27
1280	M	310	35	24
1280	M	461	51	18
1280	S	174	59	31
1280	S	462	51	35
1281	1	430	53	18
1281	M	009	53	26
1281	M	382	53	18
1282	1	360	53	33
1282	S	241	11	25
1282	S	350	11	25
1282	S	172	53	33
1283	1	190	01	34
1283	M	027	01	34
1284	M	442	71	32
1284	S	340	03	33
1284	M	444	74	24
1284	1	330	74	31
1285	1	420	03	33
1285	1	026	03	33
1286	1	190	05	18
1286	M	166	05	19
1286	S	452	71	19
1286	S	131	71	19
1287	1	166	05	19
1287	M	190	05	19
1287	S	452	09	19
1288	M	015	05	35
1288	1	001	74	32
1288	S	045	71	40
1288	S	011	03	33
1289	M	015	05	35
1289	S	043	03	25
1289	1	001	74	32
1289	M	010	71	32
1290	1	002	71	08
1291	M	002	01	34
1291	1	051	05	19
1291	M	018	06	19
1292	1	120	53	32
1292	S	015	53	35
1292	S	045	53	26
1292	S	046	53	32
1292	S	082	01	19
1292	S	002	53	32
1293	1	202	02	25
1293	M	233	02	18
1294	1	183	72	31
