ID	Subject (what)
263	231
264	079
265	021
265	384
265	002
265	148
265	003
265	081
265	015
265	013
265	175
266	467
266	010
266	015
266	002
266	064
267	407
267	405
267	093
267	442
267	048
267	468
267	234
268	002
268	462
268	100
268	400
268	166
268	465
269	467
269	405
269	330
269	270
269	406
270	302
270	270
270	282
270	279
270	165
271	290
272	407
272	234
272	321
272	178
273	407
273	046
273	121
273	483
273	015
273	125
274	288
274	400
274	356
274	407
275	400
275	044
275	002
275	047
275	080
275	010
277	010
277	081
277	234
278	002
278	027
278	046
280	226
280	013
280	096
280	430
280	466
280	003
280	175
281	013
281	002
281	003
281	062
281	081
281	405
282	005
282	034
282	446
282	402
282	406
282	082
282	002
282	072
283	467
283	226
283	178
283	038
284	003
284	356
284	050
284	211
284	421
284	190
285	205
285	233
285	209
285	217
285	211
286	420
288	218
288	400
288	002
288	047
288	064
288	442
288	465
289	234
289	002
289	406
289	405
289	202
289	010
290	440
290	405
290	400
290	464
290	072
291	218
291	011
291	148
291	102
291	231
291	001
292	400
293	005
293	013
293	048
293	046
293	400
293	045
293	050
294	016
295	130
295	013
295	093
296	301
296	353
298	172
295	274
375	131
295	273
45	300
45	243
45	411
46	289
48	284
48	325
48	133
48	131
48	274
48	286
38	271
48	283
48	138
48	291
49	360
51	408
51	386
51	396
51	267
51	356
51	271
52	090
53	300
52	360
53	136
54	045
54	018
54	291
54	029
55	350
55	241
55	330
55	275
56	291
56	121
56	370
58	396
58	243
59	242
63	045
64	402
64	405
64	030
65	016
65	029
65	163
65	046
65	094
65	045
65	170
65	385
66	016
66	013
67	452
67	090
67	138
67	148
67	350
68	027
69	072
69	290
69	038
69	016
69	234
69	386
69	173
69	164
69	283
69	452
70	244
73	386
74	275
74	243
74	079
74	002
74	288
74	452
74	284
74	270
75	407
75	320
75	270
75	131
76	291
76	483
77	434
77	384
77	044
77	123
77	081
79	090
79	100
80	045
80	090
80	384
80	026
80	061
80	002
80	234
80	421
81	405
81	090
82	029
83	014
84	002
85	038
85	234
85	046
86	270
86	273
86	300
86	050
86	133
86	144
86	325
86	002
86	234
86	131
86	356
87	284
87	453
87	396
87	090
88	451
88	090
88	290
88	050
88	234
88	148
89	405
89	090
89	172
89	241
90	177
90	300
90	090
90	134
91	124
92	453
92	013
93	002
93	075
93	175
1277	060
233	016
233	084
233	064
234	420
235	082
236	430
236	018
236	010
238	211
238	003
238	452
238	191
238	356
238	015
239	045
239	017
239	005
239	011
239	002
240	461
240	400
240	234
240	131
240	321
240	005
241	356
241	201
241	430
241	015
241	464
241	045
241	231
242	350
244	005
244	047
244	166
244	467
244	026
244	400
244	191
244	030
244	039
244	446
244	010
245	131
245	005
245	015
245	011
246	002
246	082
246	015
246	102
247	203
247	015
247	407
247	467
247	405
247	072
247	131
247	050
247	442
248	081
248	015
248	047
248	060
248	466
248	012
248	011
249	175
250	174
250	209
250	165
252	046
252	064
252	003
252	209
252	014
252	400
252	469
252	452
252	048
252	002
252	005
253	003
253	467
253	048
253	093
253	405
253	211
254	015
254	211
254	190
254	407
254	421
255	370
255	164
255	407
255	001
256	420
256	011
256	350
257	356
257	370
257	400
257	141
257	132
257	450
257	243
257	351
258	072
258	045
258	015
258	190
258	400
258	209
258	463
258	048
259	463
259	400
259	010
259	017
259	047
259	232
259	231
259	080
259	014
259	005
259	102
262	400
262	021
263	050
263	005
263	002
263	027
263	019
263	040
263	038
263	064
263	016
263	011
264	218
263	469
263	039
263	465
1118	243
7	292
7	443
8	386
8	079
8	450
8	234
9	325
9	137
9	284
10	013
11	356
11	289
11	146
11	096
11	134
11	291
12	234
12	400
12	450
12	081
12	435
14	270
14	360
15	135
15	148
15	139
15	277
15	291
15	400
15	243
16	164
16	137
16	133
16	450
16	145
17	016
17	090
17	405
18	002
18	435
18	405
18	386
19	407
19	191
19	070
19	090
20	002
21	039
21	017
22	014
22	395
23	400
23	273
23	292
23	275
23	300
24	386
24	292
24	284
24	273
24	274
24	136
24	133
24	148
24	325
24	277
25	270
25	291
25	277
25	407
26	124
28	050
29	160
29	091
29	043
30	241
30	138
30	300
32	138
33	405
33	136
33	360
34	360
34	249
34	408
34	356
34	284
34	273
34	291
34	133
35	466
35	386
35	292
36	050
36	002
36	018
36	016
36	405
36	406
37	016
37	046
37	170
37	292
37	407
37	136
38	407
38	283
38	274
38	290
38	133
39	411
39	350
39	396
39	050
40	275
40	283
40	273
40	284
40	241
40	138
40	240
41	291
41	284
41	400
41	285
41	411
42	090
43	408
43	124
43	141
44	061
44	164
44	021
44	469
44	131
44	050
44	022
44	080
44	200
44	063
44	079
44	288
44	014
44	072
44	300
93	014
94	029
94	384
94	014
95	483
95	102
95	405
95	010
95	160
95	072
96	045
97	014
97	430
97	072
97	075
97	165
97	226
99	234
99	094
99	405
99	122
100	048
100	037
100	021
100	442
100	144
101	270
101	360
101	131
101	300
101	243
102	005
102	014
102	045
102	037
103	
105	396
106	386
106	090
106	312
106	134
108	002
108	064
108	018
108	016
109	243
109	234
110	284
110	330
110	320
111	166
111	232
114	050
114	405
114	002
114	441
115	226
115	100
115	302
115	405
116	232
117	405
117	016
117	002
117	017
118	094
118	191
119	045
119	001
120	005
120	038
120	096
120	001
121	060
122	002
123	488
123	408
123	019
123	356
123	291
123	301
123	016
124	271
124	291
124	290
124	048
124	072
125	483
126	284
126	134
126	300
126	243
126	273
126	131
126	146
127	330
127	356
127	284
130	014
131	011
131	226
131	171
131	463
133	164
133	100
134	016
134	442
134	015
134	002
135	002
135	005
135	171
135	015
135	003
135	217
135	225
135	045
135	003
136	064
136	005
136	002
136	019
136	038
136	480
136	003
136	405
136	017
136	124
136	460
138	405
138	001
138	354
138	013
138	016
140	045
141	002
141	094
141	463
141	173
141	160
141	017
141	134
141	131
141	146
141	072
141	405
141	291
141	277
141	050
143	131
143	050
143	134
143	323
143	290
143	465
143	072
143	016
143	021
143	160
143	093
143	201
143	209
143	400
143	270
143	342
143	172
143	045
144	175
145	038
145	442
145	231
145	072
145	178
145	021
145	102
145	046
145	045
145	016
146	094
146	442
146	291
146	016
146	060
146	430
146	181
146	173
146	048
146	051
148	281
150	005
150	166
150	452
151	014
151	094
151	045
151	174
152	469
152	060
152	407
152	232
152	226
152	096
153	002
153	064
153	016
154	005
154	090
154	038
154	405
154	002
154	407
154	029
154	312
154	026
154	016
154	040
154	091
154	014
154	209
155	064
155	010
155	091
156	021
157	037
157	093
157	098
157	003
157	201
159	064
159	171
160	021
160	060
160	131
160	164
160	181
161	430
161	021
161	094
162	002
162	175
162	017
162	018
163	061
163	048
163	405
164	072
164	163
164	270
164	201
164	002
164	094
164	048
165	017
166	094
224	061
225	409
226	407
226	465
226	463
226	461
226	015
226	405
226	450
226	312
226	132
226	172
226	173
226	141
227	462
227	405
227	141
227	133
227	131
227	145
227	014
227	264
229	350
230	045
230	081
230	002
231	171
231	002
231	160
231	045
232	218
232	047
233	442
233	211
233	038
233	017
166	038
167	094
167	014
167	171
167	175
167	164
167	080
167	466
167	312
167	028
167	018
168	011
169	405
169	014
170	016
170	064
170	037
170	040
170	076
171	002
171	038
171	051
172	001
172	016
172	218
173	017
173	038
173	003
173	191
173	051
173	218
174	209
174	037
174	029
174	038
174	017
175	356
175	148
175	420
176	048
176	234
176	014
176	038
176	011
176	059
176	209
176	045
177	016
178	048
178	002
178	289
178	051
178	453
178	100
179	265
180	407
180	148
181	405
181	166
181	048
181	312
181	209
181	038
181	005
181	191
181	452
182	014
182	002
183	045
183	005
183	082
183	043
183	044
184	046
184	234
184	005
185	002
185	079
186	048
186	353
186	175
189	135
189	141
189	386
189	132
189	172
189	441
190	072
190	386
190	234
190	244
191	243
191	141
191	411
191	408
191	310
191	277
192	384
192	070
193	082
193	175
194	045
194	037
194	131
194	015
195	002
195	382
196	005
196	443
196	467
197	094
197	102
197	232
197	061
197	012
197	166
198	034
197	031
198	096
199	452
199	175
199	384
199	232
199	011
200	015
200	082
200	173
200	452
200	356
200	421
200	301
200	407
202	202
202	064
202	211
202	014
202	190
202	166
203	082
203	211
203	190
203	002
203	047
203	031
185	021
197	047
203	061
199	193
204	164
204	005
204	171
204	072
204	211
205	045
205	211
205	190
205	002
205	005
205	232
205	405
205	406
205	467
205	064
205	102
205	218
205	464
206	002
206	464
206	165
207	232
207	231
207	201
207	209
207	190
207	225
207	217
207	233
208	015
208	002
208	045
208	420
208	081
208	233
209	191
209	082
209	002
209	038
209	442
209	039
209	031
209	462
209	232
209	450
209	446
209	017
209	312
210	082
210	064
211	190
211	350
212	082
212	045
212	046
212	096
212	464
212	014
212	400
213	405
215	015
215	003
215	430
215	190
215	191
215	173
215	171
215	462
215	265
216	011
216	048
216	400
216	164
216	442
216	451
216	289
216	046
216	124
216	002
216	483
219	190
219	203
219	464
219	467
219	430
219	166
219	072
220	450
220	015
220	216
220	164
220	407
220	405
220	049
220	488
221	196
221	407
221	173
221	165
221	172
221	049
221	144
222	175
222	407
222	452
222	134
1	134
1	330
1	453
1	325
1	285
1	241
1	300
1	360
2	284
2	133
2	325
2	144
2	273
1	273
3	284
3	273
3	164
3	407
3	270
3	148
3	133
3	450
3	137
3	312
3	327
3	325
4	147
4	090
5	090
5	148
5	138
6	186
6	386
6	407
6	292
6	166
296	134
296	131
296	286
296	352
296	164
297	347
297	300
298	201
297	420
298	407
298	124
298	050
299	406
299	442
299	446
299	463
300	031
300	047
300	083
300	175
300	166
300	466
300	231
301	164
302	002
302	292
301	080
302	288
302	231
303	013
303	442
303	467
303	002
303	045
303	170
304	015
304	081
304	011
304	407
304	016
304	225
305	203
305	400
305	232
305	015
305	218
305	003
305	190
305	081
305	020
305	463
305	431
305	202
305	021
305	443
305	060
305	009
306	015
306	013
306	064
306	021
306	044
307	446
307	099
307	463
307	464
307	411
308	405
308	226
309	463
309	102
309	433
311	270
311	288
312	356
312	131
312	048
312	291
312	270
312	101
312	274
313	323
313	442
314	233
315	233
315	168
314	201
314	209
314	217
314	225
316	198
315	405
317	190
317	181
318	164
318	176
318	270
318	325
318	050
318	396
318	351
318	060
318	449
318	131
318	386
318	226
318	148
320	047
320	034
320	190
320	175
321	350
322	015
322	081
322	011
322	407
322	016
322	225
323	171
323	011
323	466
323	046
323	231
323	099
327	468
327	432
327	191
327	446
327	463
327	462
327	131
328	396
328	016
328	101
328	131
328	013
328	483
329	190
330	270
330	350
329	233
330	406
331	050
331	370
331	421
331	270
331	093
331	330
331	131
332	323
332	270
333	002
334	064
335	190
335	193
335	400
335	301
335	300
336	048
336	130
336	016
336	166
336	093
336	291
336	323
338	045
338	015
338	431
338	442
338	203
338	190
338	016
338	064
339	013
339	011
339	218
339	164
340	044
340	010
340	002
340	210
341	461
342	013
342	015
342	081
342	124
342	130
342	045
342	100
343	225
343	130
343	464
344	094
344	483
344	021
344	015
344	046
344	002
344	081
344	353
344	045
346	176
346	148
346	274
346	273
347	350
347	442
347	320
347	286
348	011
348	048
348	430
348	015
348	021
349	005
349	011
349	002
349	402
349	400
349	102
349	021
349	165
349	075
350	001
350	015
350	233
350	081
350	016
350	160
351	002
351	016
351	468
352	050
353	015
353	270
353	003
353	044
353	165
353	176
354	400
354	452
354	181
354	176
354	226
354	227
354	134
354	385
354	083
354	099
355	093
355	134
355	193
355	285
355	442
355	289
355	082
355	323
355	312
355	274
356	148
357	002
357	029
358	226
358	061
358	442
358	031
358	231
358	453
359	015
359	046
359	081
359	407
359	402
359	464
359	013
360	320
361	233
361	210
361	211
361	231
361	232
361	201
361	217
361	225
362	002
362	226
362	407
363	225
363	406
363	405
363	442
363	461
363	450
363	138
364	406
364	463
364	411
364	407
364	323
364	324
364	403
364	002
364	234
365	002
365	050
365	015
365	005
365	011
365	407
365	124
366	165
366	082
366	013
366	001
366	461
366	420
366	049
366	124
366	400
367	234
367	442
367	291
367	193
367	464
367	300
367	270
368	407
368	081
368	044
368	451
369	005
369	164
369	396
369	046
369	483
369	016
369	002
371	210
371	081
371	010
371	160
372	461
372	047
372	002
373	016
374	081
374	043
374	446
375	002
375	226
375	463
375	166
375	040
375	081
375	464
376	233
377	002
377	407
378	232
378	174
378	130
378	047
378	002
379	451
379	099
379	003
379	015
379	461
380	001
380	081
380	467
381	002
381	461
381	174
381	175
382	014
382	190
382	396
382	064
383	467
383	001
383	046
384	181
384	370
384	483
385	483
385	164
385	015
383	353
386	225
386	130
386	130
386	400
387	040
387	446
387	468
388	205
388	461
388	174
388	270
388	131
388	163
391	407
391	130
392	176
393	044
393	218
393	013
393	046
393	465
393	446
393	463
395	002
395	080
395	231
395	099
395	043
395	050
395	081
395	003
395	442
396	467
398	124
398	001
398	131
398	270
398	370
398	301
398	325
398	356
398	045
399	019
1276	038
1276	045
1277	434
399	356
399	353
399	002
399	467
399	407
399	405
401	291
401	093
401	102
401	274
401	360
401	324
402	002
402	432
402	190
402	186
402	463
403	302
403	014
403	130
403	407
403	394
404	304
404	034
404	002
404	270
404	273
404	274
404	226
405	047
406	013
406	015
406	063
406	165
406	081
406	003
406	060
406	002
406	464
406	446
406	400
406	171
406	231
406	347
357	063
406	041
406	351
406	465
407	081
407	015
407	046
407	190
407	064
407	382
408	002
409	050
409	407
410	015
410	124
410	225
410	002
410	082
410	043
410	228
410	446
410	447
410	171
410	400
411	164
411	021
411	400
411	386
411	408
411	463
411	016
411	050
412	132
412	234
413	325
413	411
413	231
413	002
413	131
413	277
413	015
414	172
414	049
414	174
414	203
414	163
414	400
415	277
416	282
416	409
417	100
417	045
417	431
417	131
417	406
417	405
417	030
417	463
417	400
417	191
418	461
418	080
419	234
419	001
419	026
420	046
420	002
420	468
420	082
420	064
420	218
421	431
421	166
421	446
421	232
421	226
422	411
422	226
422	444
422	462
422	463
423	232
424	302
424	001
425	232
425	227
425	082
425	141
425	051
425	134
425	146
425	394
426	396
426	038
429	050
429	131
429	312
429	390
429	001
466	064
466	075
466	430
467	166
467	050
468	430
468	452
468	274
468	390
468	325
468	353
469	226
469	172
470	265
471	226
471	410
471	070
471	302
471	409
471	324
471	050
472	226
472	015
472	469
472	234
472	285
472	141
472	174
472	324
473	167
473	169
473	170
474	231
474	218
474	191
474	211
474	015
475	408
475	166
475	075
475	435
476	046
476	232
476	070
476	082
477	405
477	021
477	022
477	483
477	226
479	014
479	082
479	463
480	203
481	329
481	124
482	138
482	275
482	394
482	351
483	405
483	050
483	407
484	166
484	050
484	231
485	046
485	029
485	211
485	015
485	465
485	407
485	218
486	064
486	191
486	100
487	029
488	002
488	218
488	005
488	407
488	232
488	405
488	400
489	080
489	232
489	231
490	435
490	014
491	038
491	346
491	226
491	227
491	043
491	442
491	468
492	282
493	355
494	124
495	394
496	407
496	302
496	011
496	211
496	421
496	124
496	082
496	141
497	285
497	400
497	131
497	134
497	407
497	321
497	279
497	234
497	174
498	286
498	277
499	408
499	070
499	411
502	005
502	043
502	070
502	384
503	079
503	060
503	034
503	045
505	211
505	468
505	021
505	170
506	021
506	017
506	045
506	209
509	400
509	081
509	431
509	131
429	408
429	015
429	173
430	463
430	082
431	467
431	021
431	124
431	070
431	163
432	075
432	218
432	191
432	070
432	381
432	382
432	002
432	396
432	005
432	464
433	046
433	124
434	234
434	212
434	310
435	015
435	467
435	001
435	463
435	048
435	400
435	164
436	002
436	234
436	405
436	102
436	075
436	407
437	242
437	200
438	019
440	411
440	407
441	218
441	191
441	046
441	070
441	211
441	200
441	232
441	226
441	166
441	082
441	393
443	082
443	038
443	005
443	021
443	198
443	432
443	407
443	442
443	468
444	405
444	200
445	160
445	001
445	420
445	166
445	093
445	019
445	177
447	301
447	050
447	015
447	233
447	160
447	001
447	200
448	064
448	302
448	178
448	408
448	200
448	001
448	050
449	405
449	012
449	251
450	001
450	226
450	061
450	445
451	015
451	218
451	016
451	400
451	030
451	347
451	384
452	191
452	064
452	469
452	014
453	467
453	064
454	014
454	060
455	002
456	302
456	285
456	064
456	395
456	264
457	274
457	287
457	302
458	003
458	407
458	082
460	405
461	226
461	050
461	382
461	200
462	431
462	050
462	015
462	321
463	070
463	060
464	407
464	070
464	446
464	174
464	232
464	226
464	002
464	084
464	465
465	050
466	232
466	148
509	348
509	465
510	407
510	021
510	064
512	002
512	070
512	191
512	218
512	014
513	048
513	002
514	124
514	064
514	002
514	094
514	048
514	045
514	011
515	014
515	002
515	048
516	034
516	175
516	435
516	464
516	015
517	225
517	451
518	400
518	200
519	291
519	323
519	302
519	279
519	322
519	001
519	141
520	302
520	050
520	001
521	211
521	200
521	164
521	100
521	001
522	234
522	017
522	100
523	015
523	384
523	218
523	002
524	081
524	211
524	218
524	070
525	312
525	060
526	191
526	002
526	405
526	467
527	148
527	166
528	232
528	226
528	060
528	011
528	102
528	050
528	400
528	082
529	048
530	079
530	411
530	226
530	131
530	431
530	432
530	043
530	446
530	218
531	045
532	217
532	225
533	284
533	420
533	421
533	312
533	356
533	050
533	353
533	209
533	370
534	323
534	201
534	453
535	292
536	064
537	134
537	141
537	140
537	243
537	231
537	226
537	166
537	282
537	395
537	392
537	410
537	400
537	324
537	241
539	002
540	384
543	131
543	431
543	191
543	462
543	016
544	400
545	070
545	081
545	451
545	064
545	021
546	396
546	148
548	011
548	048
548	407
548	386
548	072
549	407
551	015
552	166
552	444
553	233
553	011
553	014
553	435
554	191
554	002
554	081
554	045
554	064
554	218
555	211
556	002
557	209
557	353
557	017
557	370
557	165
558	302
558	262
559	218
559	432
559	346
559	400
560	232
560	407
560	405
561	050
561	226
561	170
561	131
561	166
562	407
562	291
562	050
562	433
562	324
562	200
563	218
563	191
563	467
563	002
563	046
563	211
563	045
564	381
565	218
565	082
565	131
565	201
565	348
565	466
566	003
566	079
567	211
567	016
568	166
569	050
569	005
569	396
570	082
570	218
570	171
570	059
571	285
572	400
573	200
573	037
573	394
573	384
573	050
573	405
573	464
574	218
574	432
574	462
574	430
574	001
574	312
574	081
574	407
575	430
576	002
576	015
578	467
578	191
579	005
581	079
581	016
582	203
582	175
583	195
583	001
583	173
584	191
584	017
584	463
584	070
584	435
584	048
585	005
585	451
585	462
585	001
586	191
586	211
586	218
587	021
587	433
587	014
587	045
588	193
588	175
588	467
588	431
588	014
589	191
590	218
590	483
590	124
591	131
591	325
592	226
593	014
593	172
593	005
593	370
594	232
594	002
594	048
594	005
595	070
595	218
595	451
595	082
596	310
596	226
597	120
598	018
598	044
600	084
600	043
600	014
600	468
600	021
600	400
601	070
602	407
602	048
602	301
603	233
603	082
603	016
603	070
603	064
603	009
603	050
603	218
604	064
605	232
605	231
605	070
605	048
605	166
606	446
606	444
607	292
608	232
608	211
608	210
608	233
608	203
608	202
608	201
608	218
610	017
611	405
611	453
611	327
611	141
611	274
611	351
612	203
612	124
612	082
612	131
613	043
613	453
614	406
615	030
616	015
616	183
617	232
617	211
617	005
617	218
620	184
620	211
620	233
620	015
621	048
621	011
621	464
622	184
622	064
623	021
623	134
624	204
624	218
624	434
624	442
624	465
624	464
624	341
624	381
625	050
626	021
626	463
626	407
626	131
626	016
626	225
626	082
626	084
626	447
626	442
627	325
628	243
628	001
628	351
628	275
629	282
629	279
629	351
629	325
630	191
630	232
630	435
630	045
630	466
631	218
631	015
631	348
631	468
631	451
632	233
632	430
632	049
632	211
632	015
632	048
634	043
634	131
634	400
634	009
634	382
634	341
634	407
635	351
635	396
635	001
636	327
636	136
637	226
637	444
637	347
638	450
638	234
638	048
638	411
639	270
639	342
640	011
640	002
641	034
641	002
641	446
641	014
641	050
642	464
644	400
644	131
644	434
645	014
647	048
647	131
647	351
647	396
647	276
647	282
647	279
647	001
647	453
649	431
649	003
649	209
650	386
651	045
651	166
651	430
651	048
652	173
653	175
653	002
1118	360
655	430
655	411
656	407
657	446
657	465
658	325
658	351
658	396
658	285
658	001
660	045
660	021
660	016
660	166
660	441
660	028
660	183
660	048
661	218
661	045
661	211
661	005
662	131
662	005
662	002
663	324
664	279
664	282
664	351
664	396
664	001
665	131
666	011
666	060
666	019
666	407
666	064
667	231
667	232
667	190
668	225
671	325
671	291
671	141
672	141
672	143
672	348
672	466
672	400
672	464
672	016
672	130
672	430
673	407
673	141
673	014
673	406
673	348
674	407
674	234
674	016
674	131
674	400
675	016
675	400
675	291
675	133
675	324
676	050
676	411
676	407
676	260
676	325
676	465
676	301
676	148
676	131
677	446
677	172
678	233
678	211
678	209
678	190
678	203
678	202
678	201
678	218
678	225
678	232
679	434
679	002
679	483
680	411
680	405
680	407
681	407
681	404
681	405
681	014
681	409
681	386
681	403
681	022
681	302
681	174
681	330
682	400
682	141
682	329
682	287
683	463
683	464
683	465
683	141
684	463
684	045
684	016
684	176
684	400
684	131
684	002
684	043
684	467
685	461
685	218
685	082
685	064
686	400
686	433
686	407
687	015
687	326
687	131
688	431
688	131
688	407
688	292
689	323
689	147
689	287
690	241
690	300
690	172
691	051
691	444
692	005
692	433
692	434
692	014
693	070
693	211
693	348
693	014
694	346
695	070
695	212
695	005
695	015
695	348
695	400
696	045
696	002
696	218
696	400
696	292
697	209
697	347
698	411
698	347
699	288
699	325
699	324
700	231
700	201
700	209
700	218
700	225
700	232
701	288
701	446
701	443
701	452
702	465
702	075
702	400
702	407
702	285
703	323
703	070
703	346
703	131
703	141
703	460
703	291
703	281
703	411
703	341
704	460
705	400
705	002
705	014
705	191
705	218
705	038
706	212
706	022
706	070
706	463
707	131
707	011
707	050
707	323
708	014
708	002
708	411
708	345
708	460
708	104
709	325
709	327
709	400
709	292
709	353
710	430
710	382
710	285
711	002
711	011
711	446
711	326
711	064
711	400
711	324
711	011
713	400
713	342
713	218
713	016
713	289
714	289
714	483
714	329
714	465
715	212
715	048
715	043
715	431
715	015
716	212
716	218
716	430
716	431
716	460
716	346
717	225
717	441
718	411
718	038
718	430
718	348
718	001
718	289
718	045
718	292
719	411
719	444
719	353
720	327
720	483
721	483
721	287
722	227
722	348
722	001
723	070
723	327
723	288
723	001
723	483
724	431
724	434
725	452
725	400
725	431
725	165
725	462
725	132
725	172
725	131
725	016
725	005
725	407
725	226
725	083
725	340
725	001
726	022
726	463
726	347
726	131
727	400
727	444
727	465
727	464
727	181
727	124
728	452
728	442
729	382
729	300
729	209
729	325
729	407
729	301
729	488
729	394
729	277
730	133
730	430
729	430
730	001
730	432
730	411
730	002
422	130
732	444
733	289
733	346
733	329
734	460
734	047
734	444
735	002
735	460
735	400
736	191
736	460
736	124
736	440
736	226
736	463
737	346
737	342
737	440
737	450
737	226
739	444
739	465
739	226
739	124
740	045
740	100
740	010
740	433
740	483
741	450
742	346
742	407
742	325
743	002
743	011
744	218
744	011
744	462
744	312
744	048
744	225
745	005
745	234
745	212
745	327
745	347
745	132
745	430
745	120
746	016
746	011
746	383
746	460
746	444
746	346
746	073
746	070
746	289
746	164
747	347
747	451
748	093
748	343
748	443
748	442
749	346
749	225
749	431
749	393
749	105
749	312
749	049
749	360
749	347
749	341
749	132
750	346
750	430
750	354
750	483
750	352
750	225
750	164
750	329
751	285
751	483
751	134
751	164
752	460
752	186
752	001
753	022
753	446
753	464
754	009
754	063
754	051
754	234
754	186
754	045
754	347
754	016
755	446
755	444
756	234
756	329
756	148
756	141
1039	071
756	347
756	394
757	133
757	380
758	009
758	014
758	460
758	130
758	430
758	444
758	446
759	016
759	407
760	135
760	380
761	460
761	461
761	346
761	234
762	432
763	265
763	291
763	148
764	166
764	043
764	464
764	347
765	282
765	001
765	329
765	270
765	049
766	005
766	174
766	186
766	048
766	175
766	009
766	072
766	346
766	347
766	014
767	005
767	017
767	081
767	442
768	346
768	342
768	312
768	234
769	005
769	049
769	400
769	282
769	270
769	284
769	370
769	164
769	421
769	190
769	048
770	430
770	009
770	433
766	433
770	394
770	285
770	176
770	407
770	411
770	283
771	460
771	323
771	353
771	288
771	407
771	312
771	289
771	410
771	285
771	467
771	321
771	113
772	226
772	002
772	180
772	346
772	347
772	225
773	468
773	016
773	166
773	175
774	015
774	184
775	073
775	344
775	464
776	014
776	038
776	444
776	130
776	324
776	234
777	009
777	430
777	002
777	081
777	070
777	434
777	400
777	463
777	131
777	191
777	346
778	002
778	405
778	433
778	016
779	433
779	270
779	009
779	350
780	386
781	386
781	302
781	163
781	276
782	430
782	380
782	344
782	463
782	382
783	002
783	225
783	341
784	483
784	276
784	287
784	324
784	342
785	356
785	286
786	403
786	400
787	463
787	346
787	431
788	344
789	016
789	432
789	043
789	464
789	346
789	186
789	081
790	225
790	442
792	206
792	205
794	483
794	329
794	394
794	279
794	350
795	394
795	282
795	279
795	016
795	302
795	310
795	285
795	277
796	276
796	282
796	351
796	394
796	136
796	274
796	300
796	021
796	131
797	002
797	005
798	112
798	124
798	002
798	405
798	130
798	095
798	165
798	016
798	046
798	218
798	050
798	411
798	021
798	060
798	062
799	405
799	234
799	131
799	430
799	407
799	016
799	342
801	016
801	186
801	076
801	043
801	464
801	432
801	346
801	430
802	441
802	186
803	343
803	420
804	394
804	001
804	431
804	350
804	302
804	430
804	002
804	015
804	279
805	350
806	180
807	263
807	407
807	325
807	463
807	141
807	131
808	347
808	287
808	354
808	325
808	323
808	142
808	461
808	463
809	465
809	225
809	402
809	403
809	344
810	407
812	386
812	430
812	483
812	329
813	064
814	284
815	275
815	330
815	442
816	206
817	180
817	347
818	450
818	453
819	076
819	186
819	330
819	344
819	131
820	267
821	402
821	322
821	324
821	446
821	450
821	434
821	284
821	480
821	407
822	324
822	346
822	341
822	265
822	021
823	201
823	233
823	202
823	203
824	421
824	353
825	342
825	440
825	180
825	064
826	262
826	131
826	321
826	274
827	048
827	344
827	460
827	446
828	340
828	021
828	396
829	431
829	345
829	407
829	463
829	009
829	011
829	323
830	002
830	453
831	408
831	382
831	430
831	112
832	064
832	288
832	354
832	460
832	344
832	400
832	440
832	446
832	226
832	021
832	340
832	341
832	434
832	394
832	043
833	263
833	043
833	083
833	324
833	234
834	445
834	343
834	346
834	446
834	340
835	180
835	002
836	002
837	284
837	442
837	360
837	275
837	274
837	453
837	050
838	275
838	360
838	284
838	274
838	324
838	321
838	302
838	270
839	340
839	396
839	288
839	411
839	354
839	390
839	027
839	382
839	432
839	431
839	285
839	483
839	282
839	370
839	287
839	301
840	282
840	430
840	049
840	130
840	411
840	324
841	461
841	463
841	407
841	312
841	348
841	347
841	225
841	323
841	353
842	263
842	043
842	083
842	324
842	234
842	160
842	130
833	164
842	164
842	461
843	341
844	002
844	180
844	450
845	390
845	396
845	285
845	288
846	284
847	174
847	102
847	226
847	211
847	400
847	466
850	001
850	446
850	434
851	022
851	434
851	175
851	166
851	016
851	031
851	346
851	075
851	034
851	021
851	466
851	446
851	344
852	386
852	291
852	353
852	320
852	274
852	270
852	324
852	323
853	430
853	009
853	034
853	463
853	465
853	464
853	234
854	433
854	022
854	463
854	180
854	346
854	229
854	443
854	226
854	002
854	130
857	011
857	050
857	463
857	133
857	164
857	383
858	382
858	463
858	347
858	104
858	346
859	166
859	433
859	312
859	341
859	444
859	411
860	021
860	031
860	002
860	174
860	386
860	022
861	132
860	396
861	433
861	396
862	320
862	446
862	254
862	411
862	141
863	323
864	241
864	431
864	172
864	050
864	405
865	180
865	083
865	464
865	440
866	442
866	323
866	327
866	312
866	131
866	343
866	463
867	312
867	402
867	346
867	341
867	464
867	323
868	174
868	002
868	031
868	400
869	346
869	463
870	048
870	487
870	351
870	038
871	050
871	002
871	420
871	201
872	431
872	009
872	166
872	430
872	011
873	060
874	191
874	467
874	098
875	002
875	442
875	102
875	093
876	038
876	480
876	144
876	320
876	026
877	002
877	015
877	211
877	301
877	400
878	405
878	064
878	023
879	024
879	203
879	211
879	453
880	096
880	203
880	016
880	218
880	005
881	211
881	049
882	226
882	047
882	061
882	175
882	466
882	017
882	166
882	232
883	310
883	060
883	483
883	121
884	461
884	232
884	021
1039	226
886	043
886	099
887	005
887	016
887	468
887	330
888	038
888	081
888	015
888	406
888	463
888	467
888	017
888	046
889	483
889	064
889	050
889	027
890	174
890	138
890	356
890	049
890	411
891	291
892	201
893	002
893	027
893	191
893	015
893	166
893	047
893	226
893	466
894	081
894	386
895	100
895	016
895	166
895	005
895	234
896	323
896	081
896	340
896	011
896	203
896	234
896	070
896	191
896	082
896	406
896	467
896	431
896	407
897	465
897	016
897	463
897	440
897	043
898	400
899	321
899	285
900	005
900	431
900	400
900	351
901	460
901	430
901	400
901	324
901	463
901	100
902	465
902	463
902	064
902	405
902	386
902	400
902	050
902	131
902	346
903	347
903	463
903	342
904	166
904	186
904	465
904	463
904	400
905	016
905	431
905	038
905	386
905	051
905	002
905	463
906	173
906	431
906	465
906	460
906	327
906	260
906	050
906	430
906	356
907	407
907	102
907	465
909	064
909	002
909	016
909	102
909	040
909	070
909	234
909	350
909	356
909	019
909	405
910	164
910	148
910	100
911	370
911	016
911	072
911	002
911	021
912	002
912	165
912	017
913	446
913	166
913	060
913	011
914	405
914	166
914	102
914	002
915	393
916	060
917	164
917	360
917	131
917	350
918	411
918	048
918	102
918	405
918	384
918	029
918	070
918	480
918	021
918	038
919	234
919	002
919	384
919	302
919	011
919	394
920	370
920	137
920	273
920	133
920	027
920	138
920	360
921	386
921	384
921	270
921	407
922	405
922	102
922	396
923	241
923	351
923	284
923	133
923	137
923	134
923	407
924	275
924	273
924	135
924	285
924	321
925	017
925	019
925	016
925	082
925	384
925	029
925	300
925	138
925	122
926	386
926	133
926	370
926	136
926	312
927	405
927	002
927	090
928	001
929	022
930	384
930	165
931	090
932	001
932	102
932	060
932	061
932	225
933	045
933	021
933	064
933	405
933	356
933	312
934	021
934	165
934	302
935	050
935	090
935	400
935	300
936	271
936	325
936	136
936	135
936	001
936	272
937	014
937	186
938	163
938	175
938	003
938	014
939	270
939	350
939	360
939	300
939	019
939	420
939	407
940	466
940	405
939	284
941	325
941	274
942	172
942	171
942	060
942	037
942	160
942	011
942	131
942	173
942	164
942	038
942	003
942	019
942	421
942	234
943	408
943	243
944	483
944	171
944	312
945	003
945	175
945	302
945	231
945	300
946	002
946	005
947	203
947	209
947	190
947	094
947	164
947	016
947	037
947	015
947	034
947	080
947	450
947	451
947	467
947	463
947	226
947	072
947	446
949	015
949	016
949	463
949	234
949	300
949	233
949	203
949	131
949	400
949	134
949	350
950	302
950	021
951	421
951	175
952	169
952	190
952	003
952	050
952	232
952	015
952	462
953	013
953	045
953	030
953	082
953	191
953	385
953	133
955	209
955	038
955	440
955	190
955	017
955	084
955	380
955	040
955	039
956	370
956	234
956	325
957	147
957	138
957	225
957	201
957	209
958	190
958	019
958	026
959	045
959	202
959	013
959	082
959	002
959	463
959	081
959	016
959	330
959	218
959	201
959	442
959	465
960	050
960	019
960	274
961	014
961	405
961	062
961	407
961	010
962	464
962	489
962	134
962	407
962	146
962	400
962	434
962	321
962	291
962	402
963	014
963	464
963	300
963	411
964	205
964	420
965	467
965	045
965	010
965	062
965	124
965	164
965	002
965	233
966	082
966	098
967	190
967	175
967	015
967	013
968	226
968	045
968	124
968	467
969	093
969	133
969	136
969	450
969	451
969	050
969	015
969	013
969	273
969	274
969	300
969	301
969	360
969	370
969	264
969	285
969	440
969	060
969	113
969	483
970	003
971	060
971	440
971	321
972	082
972	016
972	446
973	483
975	015
975	064
976	011
976	014
976	060
976	312
977	002
977	045
977	081
977	407
977	072
977	405
977	210
978	193
978	174
978	203
979	016
979	405
979	131
979	289
979	483
979	002
980	016
981	081
981	130
982	050
982	193
982	400
982	325
982	321
982	275
983	442
983	324
984	019
984	407
984	312
984	131
985	002
985	045
985	021
985	046
985	011
986	102
986	232
986	231
986	461
986	075
987	176
987	080
987	227
988	061
988	060
988	016
988	047
988	461
989	060
989	016
989	227
989	061
991	451
991	021
991	098
992	321
992	039
992	040
992	443
991	441
992	070
993	347
993	440
993	046
994	016
995	016
995	191
995	002
995	381
995	446
995	081
995	218
996	047
996	191
996	064
996	465
996	431
996	464
997	011
997	465
997	462
997	463
997	021
997	347
997	442
997	015
997	468
997	446
997	174
998	440
998	038
998	131
998	146
999	001
999	011
999	081
999	002
999	211
999	173
1001	434
1001	014
1001	234
1002	134
1002	324
1002	489
1002	282
1002	289
1003	102
1003	451
1003	060
1003	466
1003	047
1003	070
1003	211
1003	017
1003	082
1005	018
1006	175
1005	002
1006	166
1006	353
1006	112
1006	231
1006	002
1007	461
1007	075
1007	166
1007	175
1007	312
1008	440
1008	466
1008	009
1008	464
1008	070
1008	407
1008	405
1009	043
1009	099
1010	002
1010	170
1010	011
1011	050
1011	353
1011	273
1011	048
1011	015
1011	400
1011	265
1011	270
1011	350
1011	233
1011	193
1011	382
1011	360
1012	082
1012	102
1012	016
1012	468
1012	043
1013	466
1013	463
1013	201
1013	021
1014	045
1014	005
1014	016
1014	060
1014	191
1014	063
1014	200
1015	002
1015	014
1015	081
1015	070
1015	465
1015	050
1016	045
1016	166
1016	466
1016	002
1016	063
1017	064
1018	463
1019	444
1019	209
1019	226
1019	465
1021	003
1021	046
1021	015
1021	021
1021	227
1021	081
1021	173
1021	164
1022	431
1022	175
1022	016
1022	080
1022	060
1022	160
1023	164
1023	190
1023	081
1023	234
1023	384
1024	040
1025	466
1025	191
1025	016
1025	431
1025	451
1025	043
1025	015
1026	124
1026	406
1026	312
1026	040
1027	430
1027	175
1027	002
1028	018
1028	469
1028	016
1029	209
1029	045
1029	218
1029	007
1029	166
1029	048
1029	100
1029	190
1029	232
1030	175
1030	002
1030	021
1030	081
1030	384
1030	098
1030	046
1031	046
1032	171
1032	011
1033	047
1033	002
1033	466
1033	064
1033	021
1033	406
1033	400
1033	431
1033	131
1033	462
1033	467
1034	064
1034	016
1034	102
1034	030
1034	431
1034	463
1035	175
1035	433
1035	003
1035	002
1035	014
1035	310
1035	217
1035	070
1035	225
1035	466
1035	461
1036	166
1037	005
1038	047
1038	016
1038	191
1038	218
1038	002
1039	174
1039	310
1040	001
1040	385
1040	005
1041	174
1041	049
1041	340
1041	218
1041	464
1041	203
1041	406
1041	405
1041	400
1042	285
1042	351
1042	232
1042	270
1042	324
1042	134
1042	302
1042	434
1043	045
1043	347
1043	468
1043	064
1043	446
1043	464
1043	100
1044	406
1044	131
1044	016
1044	034
1044	226
1044	017
1045	144
1045	468
1045	447
1046	002
1046	040
1046	432
1046	016
1046	431
1046	182
1046	225
1046	234
1047	002
1047	232
1047	444
1048	382
1048	400
1048	133
1048	468
1048	131
1048	072
1048	411
1049	045
1049	002
1049	402
1049	203
1049	064
1049	226
1049	082
1049	406
1049	431
1049	081
1049	011
1049	070
1049	191
1049	467
1049	407
1050	461
1050	218
1050	405
1051	285
1051	351
1052	005
1052	400
1052	381
1052	465
1052	300
1052	330
1052	272
1052	353
1052	277
1052	394
1052	408
1053	346
1053	225
1053	440
1053	400
1053	330
1054	430
1054	015
1054	047
1054	444
1054	011
1054	021
1055	321
1055	285
1055	353
1056	218
1056	432
1056	434
1056	431
1056	064
1057	040
1057	005
1057	218
1057	465
1057	027
1057	464
1057	346
1057	130
1057	002
1058	002
1058	463
1058	441
1059	030
1059	386
1059	312
650	312
1060	285
1060	021
1060	048
1060	140
1060	351
1060	370
1060	394
1060	244
1060	430
1060	325
1060	134
1061	322
1062	060
1062	047
1062	166
1062	225
1063	201
1063	203
1063	233
1063	420
1065	048
1065	345
1065	047
1065	226
1065	016
1065	465
1065	169
1065	209
1067	005
1067	382
1067	173
1067	050
1068	005
1068	038
1068	096
1068	014
1068	407
1068	234
1068	431
1068	021
1068	002
1068	048
1068	342
1069	431
1069	347
1069	225
1069	048
1069	400
1069	340
1070	131
1070	323
1070	360
1071	005
1071	386
1071	400
1071	011
1072	045
1072	346
1072	340
1072	016
1072	064
1073	142
1073	045
1073	015
1073	483
1073	233
1073	400
1073	131
1074	015
1074	233
1074	002
1074	346
1074	124
1074	431
1074	400
1074	386
1075	209
1075	015
1075	081
1075	048
1075	017
1075	031
1075	002
1075	465
1075	403
1077	211
1077	222
1077	191
1079	382
1079	011
1080	002
1080	064
1080	048
1080	131
1080	440
1080	346
1080	465
1080	464
1081	347
1081	011
1081	460
1081	061
1081	034
1081	094
1081	002
1081	465
1081	218
1082	124
1082	002
1082	016
1082	460
1082	142
1082	043
1082	465
1082	400
1082	444
1082	289
1082	405
1083	400
1083	226
1084	209
1084	134
1084	001
1085	131
1085	346
1085	327
1085	442
1085	142
1086	002
1086	400
1086	431
1086	016
1087	075
1087	432
1087	005
1087	460
1087	064
1088	360
1088	396
1088	442
1088	321
1089	346
1089	330
1090	002
1090	218
1090	016
1090	434
1090	460
1090	323
1090	011
1091	386
1091	009
1091	483
1091	005
1091	382
1091	323
1091	411
1091	380
1092	483
1092	400
1092	139
1093	347
1093	464
1093	446
1094	047
1094	002
1094	340
1094	343
1094	131
1094	072
1094	323
1095	005
1096	400
1096	131
1096	327
1096	321
1096	263
1097	002
1097	444
1097	446
1097	180
1097	483
1098	186
1098	446
1098	434
1098	344
1098	461
1098	430
1099	002
1099	444
1099	440
1099	180
1101	131
1100	131
1101	463
1102	384
1102	030
1103	284
1103	131
1103	360
1103	320
1103	325
1104	005
1104	201
1104	026
1105	209
1105	175
1105	195
1106	002
1106	400
1106	440
1107	002
1107	031
1107	346
1107	463
1107	403
1107	465
1108	347
1108	017
1110	302
1110	400
1110	284
1111	049
1112	073
1112	166
1112	346
1112	463
1112	464
1112	341
1112	468
1113	241
1113	002
1113	242
1114	446
1115	430
1115	164
1116	009
1116	166
1116	174
1116	400
1116	468
1116	022
1116	380
1116	133
1116	463
1116	346
1116	043
1117	241
1117	026
1117	431
1117	300
1117	382
1118	131
1118	146
1118	134
1118	132
1118	141
1118	200
1118	092
1119	131
1119	037
1119	049
1119	002
1119	396
1119	407
1119	164
1120	386
1120	451
1121	064
1122	301
1124	090
1124	360
1124	300
1124	242
1125	090
1125	300
1125	356
1125	282
1126	200
1126	241
1126	350
1126	082
1126	300
1126	231
1127	009
1127	405
1127	016
1127	384
1127	430
1127	163
1127	045
1128	166
1128	094
1128	384
1129	037
1130	050
1131	166
1131	029
1131	090
1131	430
1132	026
1133	029
1134	312
1134	483
1135	021
1135	019
1135	131
1135	134
1135	164
1135	200
1135	060
1135	166
1135	045
1135	009
1136	016
1136	002
1136	082
1136	021
1137	064
1137	011
1137	200
1137	384
1138	045
1138	002
1138	029
1139	290
1139	124
1139	002
1142	137
1142	146
1142	243
1143	244
1143	300
1143	138
1144	384
1144	038
1144	016
1145	321
1145	136
1145	453
1147	405
1147	234
1148	483
1148	411
1149	302
1149	384
1149	172
1150	407
1150	405
1150	321
1150	270
1150	408
1151	300
1151	411
1151	021
1151	146
1151	408
1151	403
1151	144
1151	360
1151	407
1151	440
1151	324
1151	285
1152	405
1152	285
1152	234
1152	010
1153	011
1153	002
1153	451
1153	191
1153	200
1153	050
1153	043
1153	131
1153	038
1153	037
1154	014
1155	016
1155	183
1156	062
1156	002
1156	131
1158	014
1158	082
1158	046
1159	435
1161	060
1161	102
1161	031
1162	209
1163	356
1164	386
1165	211
1165	002
1165	191
1165	016
1166	218
1166	386
1167	452
1167	211
1167	191
1167	049
1167	301
1168	434
1168	190
1170	201
1170	019
1170	356
1171	405
1171	407
1171	999
1172	174
1172	047
1172	461
1172	231
1172	225
1173	015
1175	463
1175	446
1176	205
1176	131
1176	171
1176	467
1176	133
1176	226
1177	218
1177	200
1177	015
1177	046
1178	021
1178	102
1178	463
1178	014
1178	046
1180	038
1180	002
1180	016
1181	045
1181	040
1182	420
1183	201
1183	233
1184	082
1184	005
1184	064
1184	406
1184	048
1184	081
1185	082
1185	232
1186	002
1186	050
1186	015
1186	100
1188	360
1188	163
1188	302
1188	138
1190	002
1190	431
1190	483
1190	384
1193	451
1193	002
1193	022
1193	014
1195	014
1195	124
1196	124
1197	124
1197	120
1200	347
1200	446
1200	452
1200	342
1201	431
1201	226
1201	182
1201	345
1202	433
1203	386
1203	134
1204	450
1205	050
1206	430
1206	017
1206	346
1206	131
1207	045
1207	005
1207	014
1207	100
1207	218
1208	434
1208	002
1208	034
1208	466
1208	045
1209	451
1210	064
1211	124
1211	002
1211	075
1211	016
1211	218
1211	005
1211	048
1211	231
1212	463
1212	234
1213	131
1213	468
1213	021
1213	048
1213	400
1213	072
1213	098
1214	016
1214	021
1214	124
1215	450
1216	265
1216	360
1217	431
1217	045
1218	071
1218	081
1218	046
1218	100
1218	102
1218	015
1219	191
1219	209
1219	131
1219	124
1219	081
1219	048
1220	043
1220	046
1220	234
1221	124
1221	046
1221	082
1221	200
1221	370
1222	070
1222	132
1222	232
1222	231
1223	200
1223	300
1223	360
1223	172
1223	132
1223	102
1223	351
1224	468
1224	016
1224	082
1224	070
1224	081
1224	131
1224	064
1224	431
1224	407
1224	467
1224	098
1225	030
1225	384
1226	002
1227	483
1230	046
1230	124
1230	464
1230	200
1231	200
1231	002
1231	218
1231	191
1231	446
1231	451
1231	075
1231	394
1231	231
1231	131
1232	003
1233	050
1233	045
1233	081
1233	130
1233	013
1234	002
1234	483
1233	027
1235	046
1235	045
1235	015
1235	218
1235	013
1236	075
1236	031
1236	082
1236	081
1236	015
1236	102
1237	218
1238	014
1239	014
1239	002
1239	045
1240	014
1240	430
1241	005
1241	045
1241	124
1241	015
1242	043
1242	407
1242	048
1242	072
1242	021
1243	011
1243	301
1244	016
1245	400
1245	191
1245	002
1245	009
1246	203
1246	002
1246	016
1246	431
1246	048
1247	205
1247	016
1249	451
1249	102
1249	466
1250	016
1250	005
1251	218
1251	464
1252	386
1252	453
1252	131
1252	014
1252	323
1252	141
1252	276
1253	276
1253	274
1254	446
1254	005
1255	285
1255	102
1256	009
1256	431
1256	345
1256	394
1256	407
1256	005
1257	002
1258	408
1258	386
1258	430
1258	001
1259	002
1260	060
1260	102
1261	434
1261	028
1261	430
1261	015
1262	483
1262	124
1262	452
1262	218
1262	003
1262	201
1262	209
1262	405
1262	037
1262	016
1262	045
1263	211
1263	037
1263	016
1263	465
1263	015
1264	226
1264	382
1264	005
1264	102
1264	132
1264	045
1264	060
1264	405
1265	045
1265	040
1265	043
1265	002
1265	354
1266	124
1266	038
1266	405
1266	453
1266	406
1266	174
1266	002
1266	466
1266	218
1267	124
1267	451
1267	289
182	005
189	450
1268	038
1268	072
1268	064
1268	226
1268	323
1268	345
1268	131
1268	446
1269	345
1269	483
1269	141
1270	452
1270	443
1270	461
1271	452
1271	444
1271	326
1271	231
1271	346
1271	124
1271	048
1271	016
1271	325
1271	324
1271	131
1272	407
1272	408
1272	048
1272	283
1272	380
1272	131
1273	131
1273	016
1273	444
1273	446
1273	009
1273	048
1273	466
1273	346
1274	233
1275	048
1275	347
1278	289
1278	329
1278	002
1278	292
1279	131
1280	015
1280	211
1280	048
1280	410
1280	005
1281	073
1281	133
1282	300
1282	243
1282	048
1282	201
1282	226
1282	060
1282	321
1282	163
1283	166
1283	164
1283	301
1284	048
1284	225
1284	440
1284	466
1284	346
1286	049
1286	421
1286	164
1286	045
1286	191
1286	400
1287	421
1287	191
1287	173
1287	211
1288	038
1288	384
1288	093
1288	002
1288	211
1289	038
1289	201
1289	468
1289	082
1289	218
1291	016
1292	211
1292	190
1292	130
1292	234
1293	002
1293	019
1293	023
1294	407
1294	400
