265
17
629
1432
541
157
1423
1211
470
1396
334
426
343
1449
553
579
549
40
406
160
445
611
330
387
577
1442
152
165
595
209
1459
162
1220
395
459
559
1214
90
1471
590
581
97
381
247
433
335
389
608
401
1402
658
104
47
207
278
32
463
259
451
312
621
1444
4149
4160
1418
437
1417
4148
512
139
262
270
77
480
105
615
295
200
1476
1408
308
1393
189
409
271
627
192
357
191
639
54
487
473
168
417
55
1453
143
16
404
622
183
296
233
277
428
225
412
1441
309
173
430
388
1433
286
186
298
138
514
121
360
226
405
132
149
602
1435
1454
303
567
485
290
257
213
184
58
481
1458
285
355
1446
299
331
4162
1422
644
337
1403
194
332
202
228
1415
609
3748
1460
593
28
411
408
196
634
50
56
1439
4154
240
234
86
500
185
1424
597
65
1397
187
1398
12
365
115
175
416
476
351
280
504
117
383
99
1428
10
179
300
410
68
333
178
484
521
155
35
603
118
379
641
468
275
591
146
266
522
538
316
1457
108
116
317
1384
1467
544
304
255
1438
545
61
52
18
91
313
263
391
377
7
69
126
440
230
1413
472
1389
571
49
413
144
1412
211
1455
385
