1460
379
387
278
1397
17
202
143
121
577
597
1438
69
308
521
47
189
1454
200
194
384
179
312
641
1459
1415
191
1467
1449
65
485
560
484
184
4148
139
581
629
14
1457
411
16
1423
334
595
18
188
1421
360
514
168
634
1417
644
230
146
608
1413
1472
375
391
162
196
152
257
28
211
480
593
500
440
426
226
175
579
12
1220
155
298
1408
149
263
615
504
357
50
331
476
7
233
1444
240
359
1398
568
381
1471
266
1446
55
108
621
118
67
501
1473
185
463
343
1464
277
172
19
377
61
1389
591
104
285
369
255
522
639
262
351
280
228
247
97
275
538
271
4154
56
622
472
481
265
408
609
192
389
611
317
1393
300
165
10
602
234
117
470
207
382
388
77
58
286
187
1442
111
299
332
173
433
304
32
410
1435
395
1384
1412
99
355
428
405
116
445
437
1418
1211
241
290
259
295
261
124
1432
406
430
3748
282
59
86
1214
658
417
4162
549
571
35
545
225
1403
157
1453
413
45
409
330
1476
385
296
82
90
451
627
57
4160
590
126
91
1458
303
1422
52
567
54
404
1447
313
105
553
209
1433
487
1402
416
544
468
638
412
473
132
40
1396
160
1424
