1449
428
401
209
138
162
579
333
470
143
559
1403
213
111
459
194
1455
389
68
249
1220
42
639
644
544
1211
430
17
404
263
627
641
1397
241
1459
1446
568
381
160
115
377
331
440
285
173
187
265
196
105
1398
359
230
611
334
384
14
45
1460
183
295
577
622
184
602
1413
1442
1415
121
1417
1476
521
615
481
300
433
391
504
157
1435
408
473
1432
86
233
116
1458
91
12
472
1438
317
360
485
1472
621
144
571
309
275
271
343
445
3748
468
522
77
375
118
108
553
165
124
112
259
1454
591
35
337
185
59
608
4149
149
405
590
355
49
1422
1384
484
298
1423
581
178
266
90
410
382
1402
560
426
1464
1408
97
480
1457
240
179
387
1467
413
69
1447
207
463
312
303
541
629
257
4160
61
192
50
172
175
1473
155
595
1424
395
487
56
32
512
168
278
603
247
332
296
54
4148
545
388
1453
597
500
58
351
411
1412
1418
126
139
383
104
7
299
412
593
316
638
211
313
304
47
200
117
40
67
1471
634
225
290
146
28
19
226
567
417
385
65
1214
416
357
369
4162
409
1421
1428
1396
1389
234
55
308
261
16
132
152
406
280
282
437
188
270
286
99
228
82
1444
202
