641
1435
399
286
149
12
1426
257
332
603
209
1417
4160
405
68
50
485
295
1400
69
1461
99
52
317
105
152
61
1220
4154
331
296
1438
379
1412
391
188
157
192
16
387
207
541
18
577
90
225
299
1458
480
468
638
65
234
255
658
629
1467
1449
250
408
143
357
194
124
472
266
28
7
571
381
567
416
241
411
1446
401
180
104
1214
162
345
191
47
433
298
388
644
437
615
417
597
11
583
261
82
185
259
1415
330
4
406
168
384
19
627
333
582
97
126
14
466
539
1471
581
211
560
383
1466
595
230
282
445
1402
226
337
91
116
1473
1397
1460
4162
213
568
40
1432
179
1398
54
360
415
278
139
385
58
108
238
1423
86
279
440
1476
312
285
579
178
270
451
4148
389
1433
591
618
138
1455
301
202
404
522
183
316
375
639
602
275
49
1403
1396
228
366
609
93
377
45
146
1441
236
175
1454
173
1413
521
484
262
1390
70
365
608
300
1424
59
593
17
335
549
395
481
263
1428
1472
303
1447
634
590
500
3748
313
196
189
538
101
67
487
155
463
271
55
118
1439
35
187
459
111
247
514
1444
413
233
551
4149
57
553
369
117
512
412
1464
280
501
121
10
545
621
428
470
309
32
308
611
351
132
265
1459
1421
409
504
56
559
334
438
1408
382
172
277
200
343
