ID	Source
371	805
371	803
371	791
372	999
373	906
373	773
373	847
373	998
377	792
378	518
378	612
378	764
379	693
379	677
379	600
379	814
379	999
383	550
383	543
385	832
386	608
386	656
388	525
388	500
391	527
391	509
391	543
391	555
392	500
393	526
393	573
395	677
397	670
397	621
397	665
400	640
402	842
406	850
408	600
408	832
409	540
409	525
409	600
409	500
411	623
411	649
412	818
294	999
425	500
425	514
425	800
426	721
431	999
432	889
437	818
437	702
437	680
437	677
437	803
437	802
437	801
437	783
438	526
438	999
440	677
440	522
442	500
442	503
446	842
448	540
449	866
449	887
449	656
450	721
451	782
451	781
451	872
451	998
454	813
454	774
454	818
457	693
458	697
459	998
459	792
459	774
459	805
459	620
459	600
460	534
463	720
464	656
465	620
465	608
469	534
470	677
471	731
473	667
476	
477	646
477	656
477	608
477	612
478	646
478	643
479	999
480	543
480	784
484	677
484	774
484	998
485	998
485	805
485	664
485	665
485	660
488	612
488	774
488	623
488	620
489	616
489	774
490	889
490	623
490	600
492	526
494	600
495	761
496	849
496	761
497	816
500	522
500	761
503	731
503	921
504	774
504	999
506	764
506	602
507	998
507	612
507	792
507	890
507	677
512	907
512	664
516	805
516	620
517	526
518	761
519	512
523	881
523	889
523	890
523	872
525	831
526	620
529	500
529	506
530	998
532	764
534	534
534	649
534	640
534	999
536	907
537	646
538	889
538	608
539	850
540	641
542	522
545	999
546	612
546	623
548	532
549	533
549	619
552	805
552	602
553	608
554	999
557	500
557	501
557	543
557	526
560	920
560	533
562	591
562	526
563	820
567	543
567	580
568	998
570	679
575	522
576	500
576	518
576	526
500	543
577	872
577	608
577	600
580	889
582	818
582	816
582	910
584	500
584	543
585	533
588	514
593	999
593	600
595	801
598	500
598	998
599	649
599	681
600	656
600	998
602	649
604	908
605	681
605	697
606	782
609	781
609	640
612	697
613	901
613	640
613	998
615	533
620	656
620	998
620	623
622	998
622	649
622	522
623	693
623	998
624	774
626	782
631	656
632	721
632	818
632	804
632	533
634	623
634	656
635	774
635	643
636	640
636	783
636	600
640	677
641	866
643	656
643	620
643	680
643	612
643	801
644	602
647	623
647	674
647	602
650	514
652	620
652	656
652	765
655	640
656	555
658	792
660	602
660	611
661	612
661	620
661	774
661	623
661	998
662	500
662	640
663	623
663	607
663	906
663	522
663	764
663	998
663	905
663	887
663	903
666	764
666	698
667	612
667	850
668	805
669	815
669	998
669	774
669	656
670	804
670	813
670	818
670	791
671	781
672	998
675	602
675	603
676	600
676	801
676	803
676	998
678	731
678	533
679	620
683	531
683	602
683	526
684	600
684	522
684	620
684	805
686	620
688	677
688	674
688	908
688	849
688	998
691	500
691	542
691	531
691	526
692	623
692	540
692	501
693	998
693	612
693	873
694	612
697	526
698	612
701	656
701	693
702	815
702	692
704	605
704	620
704	677
705	514
705	600
705	693
706	643
706	815
706	693
708	847
710	999
710	812
710	791
711	772
712	620
713	872
715	503
716	774
716	532
716	998
720	525
722	500
723	656
723	608
724	998
724	600
724	501
724	608
728	512
729	612
729	522
729	600
729	677
730	998
730	600
733	999
733	600
738	612
738	999
738	872
739	998
739	693
739	534
739	781
739	656
739	681
739	815
740	815
740	620
743	677
745	722
747	526
747	731
747	533
750	803
752	774
752	600
755	905
756	664
757	764
757	814
757	998
758	623
758	690
758	600
758	607
759	501
760	526
764	602
765	720
766	612
766	998
766	656
766	623
766	501
766	500
767	998
768	782
772	600
776	998
778	619
779	640
779	643
782	910
785	526
785	602
785	601
785	500
786	842
787	816
787	791
787	802
787	998
788	514
789	802
790	998
792	526
792	504
792	533
792	525
793	781
793	543
793	555
797	722
798	832
798	850
800	643
800	905
801	600
801	999
803	998
804	623
806	620
808	500
811	998
812	998
812	691
812	999
812	814
815	681
815	522
816	801
821	998
821	640
821	667
822	656
823	697
830	620
830	670
830	656
830	998
830	805
835	677
836	526
838	612
839	664
841	867
844	800
845	656
845	697
845	612
675	998
846	518
848	998
853	600
853	790
853	805
855	693
855	612
855	998
855	620
856	620
856	623
857	612
857	623
857	998
857	640
857	774
858	805
859	620
859	677
859	612
863	677
865	541
867	677
867	693
869	645
870	514
871	652
872	612
872	805
872	620
872	998
873	501
873	522
873	543
873	514
873	665
873	623
873	526
873	620
873	803
874	872
874	884
874	667
874	602
874	608
874	612
874	600
875	998
875	620
876	867
876	623
876	850
879	681
880	998
880	693
880	501
881	999
881	514
881	801
882	761
887	500
887	525
887	518
890	602
891	697
893	602
893	665
893	998
894	783
894	500
895	999
895	676
896	620
896	999
897	998
897	908
897	500
897	620
897	999
898	998
898	815
898	999
899	500
899	833
899	555
900	999
901	998
901	612
901	623
901	677
901	526
903	998
903	543
904	677
906	693
906	910
906	873
906	664
906	612
906	640
906	998
906	677
906	867
906	805
906	850
907	620
907	526
907	612
910	873
910	681
910	697
910	620
910	656
911	691
911	501
912	998
914	901
914	891
914	884
914	998
918	533
918	766
887	774
919	830
921	999
923	600
923	889
923	620
924	526
924	800
924	802
925	998
925	602
926	804
926	500
927	620
927	814
929	681
930	998
930	612
930	817
930	532
930	690
931	693
932	649
933	774
933	620
935	677
941	614
941	998
942	693
942	998
943	693
945	722
948	526
948	999
950	620
954	526
955	998
955	816
955	817
956	526
956	693
958	623
959	602
959	677
960	500
960	801
961	623
961	677
962	677
963	677
963	697
963	691
964	998
964	681
965	677
965	693
965	815
966	692
966	600
966	998
967	522
969	677
970	677
974	522
975	643
975	772
976	805
976	620
976	664
978	681
983	526
983	800
984	616
984	526
984	801
985	905
985	711
985	816
986	998
986	623
986	884
986	891
988	500
988	863
990	733
991	925
991	889
992	518
993	805
993	620
993	998
996	501
998	656
1000	656
1000	850
1000	643
1001	998
1001	901
1003	612
1003	623
1009	693
1010	832
1011	783
1011	890
1013	731
1015	920
1015	527
1017	612
1017	887
1017	681
1017	522
1017	677
1017	998
1019	641
1019	656
1019	774
1021	693
1021	696
1021	903
1021	670
1023	612
1025	656
1025	763
1025	905
1026	998
1027	681
1027	677
1029	692
1030	500
1031	656
1031	850
1037	514
1038	790
1039	791
1042	526
1042	999
1044	998
1046	675
1046	998
1048	522
1048	500
1049	998
1049	681
1049	670
1050	681
1050	697
1050	522
1052	677
1052	693
1052	501
1052	903
1052	998
1053	677
1053	681
1054	623
1057	612
1058	612
1058	620
1058	901
1058	640
1060	664
1060	620
1061	998
1061	620
1063	681
1063	880
1064	998
1064	533
1064	999
1065	533
1068	998
1068	502
1068	600
1068	620
1071	831
1072	645
1072	620
1072	907
1072	648
1073	612
1073	907
1073	526
1073	623
1073	534
1073	677
1073	681
1073	697
1073	656
1074	998
1074	772
1075	620
1077	774
1078	620
1078	802
1078	805
1078	670
1078	998
1079	998
1079	681
1079	501
1079	863
1079	526
1082	903
1082	765
1082	998
1083	607
1083	600
1083	602
1083	601
1087	731
1089	526
1089	500
1089	509
1089	518
1089	534
1089	525
1089	512
1090	531
1091	999
1092	800
1093	901
1093	677
1093	998
1094	998
1094	664
1096	664
1096	620
1098	774
1098	850
1098	998
1098	765
1099	600
1099	620
1100	620
1100	664
1100	660
1100	649
1100	661
1101	998
1101	805
1101	802
1101	501
1105	522
1105	693
1105	780
1106	526
1106	998
1106	620
1106	881
1106	774
1108	677
1108	670
1108	656
1108	805
1108	612
1108	774
1109	526
1110	591
1111	781
1112	774
1112	730
1112	612
1112	832
1112	805
1113	998
1113	534
1113	805
1113	667
1113	691
1114	998
1115	998
1115	680
1115	677
1115	693
1115	656
1116	612
1117	999
1119	675
1119	522
1119	677
1119	623
1119	873
1119	660
1123	514
1123	501
1123	693
1124	681
1125	998
1125	612
1125	998
1125	817
1125	645
1126	873
1126	869
1127	774
1127	999
1127	999
1128	533
1128	731
1129	998
1129	665
1129	850
1129	620
1130	522
1130	783
1130	763
1130	764
1130	526
1130	500
1132	805
1134	631
1134	999
1135	830
1135	830
1135	830
1135	830
1135	833
1135	830
1135	766
1137	620
1137	526
1139	925
1139	842
1140	880
1140	863
1141	863
1142	812
1143	660
1144	540
1145	805
1145	620
1145	665
1146	620
1147	656
1147	643
1147	602
1148	850
1149	656
1150	509
1151	533
1153	910
1153	680
1155	872
1155	550
1155	784
80	784
80	783
131	998
131	620
131	781
131	784
387	832
389	525
389	999
390	640
390	784
390	801
390	667
646	782
762	782
717	782
795	832
1158	681
1158	998
1158	600
1158	645
1159	681
1161	677
1161	656
1161	880
1161	998
1161	677
1162	677
1162	656
24	801
24	525
24	867
1165	998
1165	677
1165	649
1168	649
1170	998
1171	998
1174	534
1174	645
2	784
5	640
7	550
38	998
1177	774
1178	600
1179	656
1179	850
1179	861
1179	998
1179	620
1179	612
1179	677
1179	501
1180	998
1180	522
1181	998
1181	612
1181	677
1181	782
1184	602
1185	693
2	801
2	502
5	696
6	600
6	500
7	580
11	545
11	867
12	608
12	781
12	644
14	782
14	802
20	774
20	763
21	663
22	514
22	781
22	620
23	620
24	832
24	543
24	512
24	509
24	503
25	731
26	866
27	612
27	677
28	693
29	640
29	646
32	801
32	802
32	514
34	612
34	772
34	640
35	999
36	999
38	600
38	783
38	693
40	805
41	867
41	543
41	920
41	502
41	503
41	505
41	506
41	512
42	780
42	525
42	784
44	733
50	802
50	656
50	645
50	783
51	509
51	782
51	783
53	805
55	525
55	867
55	509
55	503
58	600
58	580
58	801
58	780
59	514
63	522
64	783
64	802
67	640
68	817
68	694
68	532
69	907
69	600
72	773
72	509
74	526
74	867
78	620
78	514
78	790
78	801
78	502
79	620
79	801
79	502
79	783
82	503
82	526
82	867
82	506
82	505
82	512
82	521
83	999
86	680
86	522
90	846
91	600
92	600
94	525
95	600
95	805
96	540
99	532
99	601
103	998
104	998
109	600
109	500
110	509
112	832
112	801
121	866
121	522
121	774
121	697
122	600
123	802
123	602
123	608
123	514
123	801
123	842
125	540
125	998
126	802
126	621
126	805
126	518
126	620
128	832
130	999
130	540
143	620
143	500
143	540
143	518
143	832
143	805
143	526
143	525
143	801
148	780
148	620
148	532
150	664
153	784
154	998
156	540
156	833
158	999
158	500
159	514
160	612
161	545
161	868
161	507
161	504
162	801
162	509
162	526
163	514
164	901
164	525
166	783
166	884
166	886
166	780
166	804
166	620
166	907
168	526
168	531
169	791
169	907
170	526
170	620
170	781
170	600
170	802
170	801
170	784
172	889
172	764
172	600
174	518
174	532
174	616
176	514
176	924
176	525
176	512
176	502
176	504
176	503
176	998
177	832
178	640
178	998
178	620
178	612
178	532
178	621
179	620
179	525
179	621
183	783
183	780
185	801
185	500
185	525
192	614
192	774
194	693
194	501
195	677
197	583
197	999
197	784
201	889
201	600
201	619
201	610
202	920
203	832
203	540
204	509
204	608
204	512
204	803
204	780
204	500
204	600
204	832
205	677
205	680
206	600
216	832
216	525
216	534
218	998
219	532
219	600
219	620
219	512
220	620
223	616
223	518
223	656
223	884
223	886
223	999
223	532
223	783
225	665
225	765
226	600
226	801
226	509
226	525
227	514
227	525
228	998
228	608
228	803
228	640
229	527
229	570
230	500
233	693
235	889
236	526
236	784
236	774
236	600
236	803
236	804
244	780
245	600
245	872
248	640
250	543
251	555
256	999
260	803
265	509
267	600
270	509
275	790
276	774
276	608
281	509
281	500
281	540
282	781
286	640
286	518
287	803
287	804
287	791
289	580
292	620
292	512
292	667
293	502
293	764
293	525
293	693
294	512
294	543
295	843
300	620
300	600
300	623
301	612
302	649
305	600
306	500
307	526
307	640
307	801
307	803
307	804
309	512
309	500
310	500
312	514
312	526
312	502
312	543
312	924
312	527
317	887
317	612
317	774
317	608
317	891
322	620
322	791
322	790
323	847
323	833
323	773
324	600
324	999
326	842
326	635
326	603
326	619
328	792
330	550
330	580
330	591
333	733
333	631
334	847
334	843
334	833
336	901
336	660
336	641
337	774
338	790
339	527
339	527
339	527
339	555
340	500
341	543
342	526
344	543
344	573
345	573
348	509
351	640
351	781
351	782
352	774
352	677
353	600
353	664
354	999
354	820
356	847
356	500
360	612
361	998
361	664
369	502
369	998
369	500
370	920
370	998
371	640
371	803
261	998
337	667
1190	677
1190	998
1190	764
1192	903
1192	643
1193	645
1193	765
1193	850
1193	872
1194	998
1194	905
1195	850
1196	620
1198	656
1198	643
1198	998
1198	602
1198	612
1199	543
1199	500
1201	731
1201	533
1201	710
1201	739
1202	998
1202	620
1202	656
1203	620
1203	849
1204	656
1204	677
1204	500
1204	861
1206	677
1206	693
1206	652
1206	640
1206	998
1207	612
1209	998
1210	697
1211	873
1213	850
1214	693
1215	998
1217	522
1219	656
1219	640
1220	531
1220	872
1221	620
1221	612
1221	526
1221	692
1221	998
1221	656
1221	907
1221	677
1221	910
1221	670
1221	861
1221	512
1221	696
1224	901
1224	677
1226	998
1226	850
1226	908
1226	649
1227	681
1228	873
1228	832
1228	645
1228	690
1228	677
1228	998
1228	680
1228	620
1228	602
1228	901
1228	656
1228	850
1229	998
1229	677
1229	526
1229	531
1229	522
1230	522
1231	860
1231	764
1232	998
1232	676
1232	677
1233	863
1233	612
1237	580
1238	998
1238	623
1238	656
1240	664
1240	903
1240	665
1240	998
1241	998
1241	888
1241	907
1241	676
1241	656
1241	782
1242	739
1244	656
1244	670
174	999
1245	600
1245	514
1245	656
1246	649
1246	645
1248	908
1249	721
1251	681
1251	697
1251	522
1251	873
1251	998
1251	649
1251	667
1252	905
1252	643
1252	676
1252	873
1252	998
1252	649
1253	880
1253	884
1253	620
1253	677
1253	693
1253	873
1253	901
1254	677
1255	526
1255	693
1255	676
1257	998
1257	677
1257	703
1258	612
1258	868
1258	998
1259	601
1259	664
1260	998
1260	805
1261	620
1261	664
1261	850
1263	645
1263	765
1264	843
1265	602
1265	850
1266	602
1266	649
1266	774
1267	533
1267	751
1267	526
1267	832
1268	602
1268	635
1268	619
1270	522
1271	620
1271	514
1271	623
1271	500
1271	612
1272	681
1272	762
1273	903
1274	514
1274	691
1274	501
1274	861
1275	677
1275	703
1277	998
1278	623
1278	534
1278	620
1278	526
1279	522
1279	620
1279	998
1281	680
1281	602
1283	850
1287	832
1287	730
1287	833
1289	522
1289	863
1291	761
1292	998
1292	805
1292	849
1292	907
1293	677
1294	680
1296	512
1296	534
1296	602
1296	873
1297	603
1297	620
1298	872
1300	501
1300	612
1301	764
1301	998
1301	774
1302	522
1303	620
1303	998
1303	681
1304	676
1304	612
1304	620
1304	656
1304	677
1304	998
1305	901
1305	681
1306	905
1309	623
1309	649
1311	680
1311	649
1313	693
1314	534
1314	817
1315	998
1315	693
1317	774
36	802
371	811
371	804
371	711
931	999
1316	665
1316	805
1316	998
1316	664
1026	656
1026	620
1322	612
1323	693
1323	722
1324	649
1324	693
1329	863
1329	672
1329	693
1331	832
1332	774
1333	620
1333	635
1334	862
1334	999
1337	697
1337	693
1343	811
1349	500
1350	644
1351	803
1358	649
1363	660
1364	811
1365	656
1366	673
1366	693
1366	620
1366	832
1366	612
1368	697
1368	670
1371	656
1371	681
1374	620
1374	602
1376	620
1380	696
1381	811
1385	677
1387	832
1388	774
1392	696
1392	640
1392	692
1393	697
1394	600
1394	643
1395	843
1396	656
1396	670
1396	681
1397	656
1398	670
1398	526
1399	670
1400	501
1400	774
1403	696
1403	641
1403	620
1403	901
1404	783
1404	501
1404	873
1404	998
1404	697
1404	681
1405	677
1405	681
1405	998
1405	811
1405	612
1405	534
1405	608
1405	697
1405	780
1405	670
1406	677
1406	998
1406	500
1406	681
1407	772
1408	677
1408	602
1408	681
1408	998
1408	676
1408	696
1409	664
1409	805
1410	697
1411	693
1411	887
1411	677
1411	501
1411	903
1412	656
1414	518
1414	732
1415	645
1415	645
1419	842
1419	842
1419	770
1420	842
1420	842
1425	849
1425	763
1425	850
1425	998
1425	810
1426	802
1426	805
1427	500
1429	500
1429	620
1431	873
1431	522
1431	656
1432	832
1432	832
1433	850
1434	891
1435	764
1436	817
1436	656
1438	643
1438	612
1439	500
1440	643
1440	873
1442	841
1443	612
1443	604
1444	697
1444	998
1445	873
1446	664
1448	905
1448	518
1448	677
1450	998
1450	905
1450	811
1450	815
1451	656
1451	906
1451	998
1452	522
1453	907
1453	888
1453	612
1454	555
1454	620
1455	620
1455	608
1456	525
1459	623
1459	501
1460	500
1460	832
1460	832
1460	833
1461	640
1461	620
1461	677
1461	764
1464	620
1468	501
1468	656
1468	697
1469	998
1469	649
1470	667
1472	677
1473	681
1475	550
1477	664
1478	664
1479	870
1479	861
1482	841
1483	998
1485	612
1486	620
1489	846
1490	802
1493	656
1493	620
1493	901
1493	501
1493	681
1495	903
1495	522
1497	532
1497	801
1498	600
1498	803
1499	645
1500	645
1500	774
1502	850
1502	680
1503	640
1504	667
1506	681
1509	681
1510	867
1510	831
1510	697
1512	998
1516	664
1518	526
1518	860
1519	999
1520	847
1520	906
1523	862
1525	600
1528	620
1528	623
1528	774
1528	998
1528	649
1530	774
1532	640
1533	774
1535	500
1537	534
1538	500
1545	677
1546	656
1546	677
1549	500
1552	620
1552	612
1552	832
1554	697
1554	681
1555	623
1557	620
1558	873
1560	850
1561	764
1561	783
1565	783
1565	860
1566	600
1567	612
1567	998
1567	697
1571	831
1573	623
1575	774
1575	670
1577	697
1579	998
1582	522
1582	501
1583	697
1584	620
1584	664
1584	850
1585	732
1586	670
1586	656
1591	880
1593	998
1593	873
1593	696
1593	693
1593	677
1593	883
1595	850
1595	901
1595	656
1596	832
1596	883
1596	680
1596	612
1596	910
1596	802
1596	693
1596	690
1596	620
1596	509
1596	814
1596	813
1596	600
1597	602
1597	608
1600	867
1600	906
1602	602
1602	905
1604	863
1604	677
1606	998
1606	774
1608	697
1608	867
1608	998
1609	908
1609	774
1610	607
1611	783
1611	693
1611	764
1611	501
1611	656
1611	903
1611	783
1611	780
1615	998
1615	656
1616	817
1616	910
1616	998
1616	739
1616	620
1618	832
1618	833
1618	500
1622	696
1622	998
1622	681
1625	783
1626	620
1626	801
1626	802
1627	831
1627	512
1627	591
1629	643
1629	681
1632	998
1632	680
1633	656
1636	600
1636	522
1636	773
1636	608
1636	774
1637	676
1637	676
1637	693
1638	676
1639	693
1639	998
1645	901
1645	817
1646	998
1647	500
1648	805
1648	665
1649	998
1649	697
1649	902
1649	674
1649	620
1651	873
1656	645
1657	693
1658	998
1658	693
1658	697
1658	780
1662	681
1662	643
1662	910
1662	697
1664	998
1664	677
1666	817
1667	620
1667	665
1668	880
1668	998
1668	681
1668	691
1669	903
1671	831
1672	509
1672	600
1672	526
1673	783
1675	696
1675	612
1676	697
1676	522
1677	612
1679	908
1681	680
1684	680
1684	783
1684	696
1685	761
1690	681
1691	783
1691	645
1691	526
1691	780
1692	832
1695	612
1695	602
1696	998
1696	532
1697	602
1703	649
1705	693
1709	656
1710	680
1710	998
1711	681
1711	677
1719	677
1719	998
1722	697
1730	693
1730	659
1730	832
1731	500
1734	600
1734	612
1736	693
1736	998
1741	681
1741	500
1741	645
1741	612
1742	763
1742	783
1743	998
1743	863
1744	677
1744	805
1744	998
1750	667
1751	677
1752	998
1752	883
1752	887
1752	680
1752	608
1754	998
1754	580
1756	696
1757	612
1757	656
1758	764
1760	500
1760	620
1760	850
1760	623
1761	832
1762	889
1762	842
1763	697
1764	659
1764	693
1765	998
1767	677
1770	998
1770	656
1770	612
1770	600
1771	764
1771	780
1771	873
1771	680
1771	903
1771	659
1772	998
1772	677
1772	681
1774	842
1774	603
1774	772
1774	670
1774	640
1774	999
1776	998
1776	903
1776	693
1776	763
1777	903
1777	693
1779	514
1780	764
1780	607
1780	697
1780	681
1783	620
1785	998
1785	805
1785	802
1786	677
1786	643
1786	641
1786	998
1789	850
1789	607
1790	868
1791	670
1791	620
1792	621
1792	999
1793	999
1796	998
1797	677
1798	681
1799	998
1799	681
1799	900
1799	612
1800	677
1800	675
1801	703
1802	693
1802	656
1803	660
1804	608
1806	998
1807	998
1808	677
1808	693
1809	883
1809	803
1809	872
1809	780
1810	514
1810	509
1811	843
1811	608
1812	783
1812	616
1816	998
1816	697
1817	526
1819	500
1820	612
1820	680
1820	677
1820	608
1820	780
1821	693
1821	903
1824	693
1824	500
1824	764
1826	697
1828	999
1828	774
1830	501
1830	850
1830	602
1830	600
1831	998
1831	906
1831	901
1835	620
1835	675
1835	677
1835	643
1835	602
1838	999
1838	999
1839	999
1841	697
1842	693
1844	801
1844	783
1844	780
1846	500
1846	801
1847	804
1848	804
1848	612
1849	761
1849	804
1850	998
1850	550
1850	580
1851	677
1851	612
1852	646
1853	693
1855	860
1858	696
1858	998
1858	693
1860	677
1860	656
1861	612
1863	697
1864	693
1864	659
1865	999
1866	608
1867	500
1867	526
1868	998
1868	550
1869	843
1871	503
1873	620
1876	600
1876	670
1877	526
1878	999
1880	831
1880	583
1880	501
1880	591
1880	555
1880	555
1881	500
1881	801
1881	661
1883	998
1884	646
1884	600
1884	500
1885	998
1887	612
1888	774
1888	656
1889	640
1896	656
1901	645
1904	999
1907	693
1907	500
1908	500
1908	693
1908	514
1909	693
1910	656
1910	998
1910	664
1910	774
1910	677
1910	501
1911	612
1912	998
1912	646
1912	850
1912	905
1913	602
1913	501
1913	783
1914	601
1918	677
1921	612
1921	693
1921	656
1921	514
1924	620
1924	643
1924	612
1924	656
1924	602
1924	677
1924	867
1924	903
1924	675
1924	774
1924	697
1925	999
1925	697
1927	677
1928	526
1928	600
1928	998
1930	677
1930	693
1930	681
1933	774
1935	602
1935	500
1935	600
1935	611
1935	774
1936	998
1936	774
1937	670
1937	600
1937	800
1937	805
1938	998
1938	677
1939	645
1940	693
1940	696
1942	677
1942	612
1942	891
1942	681
1943	850
1944	526
1945	612
1945	731
1946	612
1946	603
1946	891
1948	831
1948	677
1948	998
1950	620
1951	656
1951	677
1951	675
1951	873
1951	998
1951	681
1952	697
1952	681
1953	697
1953	645
1957	500
1958	607
1958	608
1958	600
1958	905
1959	526
1959	774
1960	502
1961	910
1962	690
1962	764
1962	764
1962	764
1962	783
1962	500
1962	600
1965	998
1966	601
1968	681
1968	998
1968	891
1968	772
1969	677
1969	693
1969	774
1970	801
1971	693
1971	608
1971	783
1971	700
1972	620
1973	681
1973	873
1974	656
1974	998
1974	901
1975	612
1975	534
1975	693
1975	501
1975	697
1975	526
1975	998
1976	891
1977	647
1977	873
1978	850
1979	692
1979	873
1979	998
1979	691
1982	681
1983	500
1987	663
1989	600
1989	612
1989	500
1989	518
1990	850
1993	903
1996	509
1997	500
1999	677
1999	522
1999	502
1999	612
1999	623
2000	532
2002	693
2003	693
2006	677
2008	534
2008	770
2008	998
2008	602
2008	611
2008	603
2010	677
2010	697
2010	910
2010	534
2010	764
2010	783
2012	830
2014	529
2015	783
2016	801
2017	801
2019	681
2021	998
2021	762
2021	612
2021	501
2023	783
2025	770
2025	600
2025	620
2025	791
2025	802
2026	640
2026	677
2027	500
2028	649
2029	850
2030	526
2030	656
2031	612
2031	891
2031	608
2031	600
2032	697
2032	693
2033	631
2037	697
2038	677
2038	675
2038	693
2038	522
2040	612
2040	998
2040	522
2040	656
2041	998
2041	873
2041	664
2042	649
2044	998
2046	514
2048	764
2049	526
2050	907
2053	693
2056	500
2061	656
2061	643
2061	677
2063	602
2066	998
2066	696
2068	602
2068	811
2073	623
2077	831
2084	500
2084	692
2085	998
2085	677
2086	804
2087	500
2087	693
2087	522
2087	831
2088	831
2089	522
2089	600
2089	664
2089	656
2089	999
2089	764
2089	833
2090	764
2093	693
2094	656
2094	765
2094	620
2094	645
2094	904
2096	998
2097	693
2097	675
2097	643
2097	656
2097	665
2103	677
2103	998
2103	781
2103	901
2103	883
2103	890
2103	649
2106	611
2107	623
2109	998
2109	765
2109	676
2109	681
2109	833
2110	643
2112	697
2116	998
2116	677
2117	805
2118	774
2118	611
2118	998
2118	774
2118	774
2119	998
2119	782
2119	880
2119	761
2122	905
2122	765
2122	906
2122	656
2122	904
2122	850
2122	656
2123	693
2123	764
2124	998
2124	905
2124	903
2124	850
2125	620
2126	905
2126	765
2126	656
2126	904
2126	850
2129	697
2129	763
2129	681
2129	645
2129	697
2129	500
2129	543
2129	551
2129	891
2129	512
2129	802
2130	692
2130	534
2130	903
2130	863
2130	905
2130	602
2130	867
2130	645
2130	697
2119	623
2126	677
2130	998
2130	890
2130	620
2130	681
2130	907
2130	888
2130	612
2130	884
2130	774
2130	677
2130	620
2130	623
2130	697
2130	522
2130	512
2131	501
2131	891
2133	873
2133	774
2133	998
2133	890
2133	677
2133	623
2134	645
2135	665
2136	999
2136	887
2137	677
2137	792
2137	770
2137	998
2137	998
2137	792
2137	907
2137	998
2139	783
2140	998
2142	998
2143	863
2143	522
2143	998
2144	889
2145	697
2146	620
2146	512
2146	518
2147	998
2147	774
2147	602
2147	998
2147	693
2147	691
2149	998
2149	600
2150	850
2150	850
2151	903
2151	907
2151	656
2151	905
2151	675
2152	890
2152	891
2152	675
2152	649
2153	784
2155	677
2155	891
2158	866
2159	675
2159	774
2161	677
2161	680
2161	681
2161	890
2161	883
2161	998
2161	680
2161	780
2163	693
2164	697
2164	868
2166	518
2166	999
2166	863
2166	998
2167	880
2167	674
2167	868
2167	863
2167	867
2167	866
2167	691
2167	677
2167	693
2167	866
2167	907
2167	612
2167	888
2167	868
2167	868
2167	514
2167	697
2167	831
2167	697
2167	873
2167	696
2168	998
2168	677
2168	998
2168	643
2168	522
2168	501
2168	999
2168	774
2169	514
2169	500
2169	534
2169	612
2169	543
2169	527
2169	512
2170	847
2171	847
2171	907
2171	999
2172	802
2172	602
2172	907
2173	889
2174	891
2176	611
2176	676
2176	783
2176	764
2179	905
2179	623
2179	765
2179	711
2180	677
2181	677
2181	863
2181	863
2182	681
2182	612
2182	677
2185	664
2185	863
2187	649
2191	500
2191	697
2191	522
2191	904
2193	863
2194	667
2196	612
2196	891
2197	526
2197	711
2197	739
2197	774
2199	697
2199	693
2200	526
2200	867
2200	801
2200	803
2200	811
2200	532
2201	692
2201	783
2204	608
2204	866
2205	765
2205	677
2205	512
2206	870
2206	526
2206	781
2207	681
2208	764
2208	764
2210	681
2210	677
2210	907
2211	645
2214	999
2214	612
2214	887
2215	623
2217	891
2217	677
2217	888
2218	886
2218	608
2218	631
2220	805
2220	849
2221	697
2221	522
2222	849
2225	998
2226	611
2229	813
2229	620
2229	645
2229	999
2229	711
2229	774
2231	905
2231	905
2232	526
2232	792
2232	784
2233	801
2233	864
2233	881
2235	503
2244	693
2245	649
2245	681
2245	680
2252	832
2252	677
2256	522
2256	999
2257	998
2257	811
2259	681
2259	998
2260	693
2260	692
2262	765
2262	643
2262	850
2262	656
2262	850
2262	514
2265	693
2266	762
2270	698
2275	540
2281	697
2281	697
2281	850
2281	850
2285	681
2285	681
2286	998
2286	774
2291	645
2291	677
2292	697
2294	998
2294	774
2296	518
2299	850
2300	863
2300	903
2302	612
2302	677
2302	526
2305	677
2305	999
2305	906
2307	811
2307	998
2307	601
2307	783
2307	645
2307	612
2307	512
2307	681
2308	697
2308	677
2308	697
2309	677
2309	998
2309	677
2309	600
2309	998
2309	677
2309	514
2309	774
2309	880
2310	998
2311	697
2311	672
2312	526
2312	764
2314	645
2319	813
2320	998
2320	507
2320	501
2321	833
2323	739
2325	500
2325	501
2325	620
2325	509
2325	764
2326	998
2326	522
2326	999
2327	873
2327	774
2327	645
2327	998
2327	612
2327	645
2327	677
2328	665
2328	821
2328	601
2328	664
2328	620
2329	514
2329	534
2329	656
2329	850
2330	998
2330	764
2330	850
2330	656
2330	600
2332	696
2332	850
2333	868
2335	909
2335	774
2335	783
2336	866
2336	512
2336	500
2336	505
2337	783
2337	612
2337	522
2337	656
2337	660
2337	643
2337	692
2337	693
2337	692
2337	620
2337	677
2337	665
2338	620
2338	890
2338	772
2338	534
2338	891
2338	500
2338	887
2338	868
2338	526
2338	863
2338	880
2338	868
2338	772
2338	512
2339	998
2339	526
2339	772
2339	696
2342	660
2342	774
2343	697
2347	891
2347	693
2347	500
2347	998
2347	514
2348	774
2348	681
2348	623
2348	681
2349	774
2350	645
2350	526
2352	531
2354	998
2354	590
2354	677
2354	774
2355	998
2357	693
2357	697
2358	620
2358	612
2359	998
2360	611
2360	611
2360	772
2360	677
2362	623
2362	998
2362	693
2362	522
2363	681
2363	998
2363	681
2366	666
2363	681
2427	677
2366	696
2366	693
2366	998
2367	850
2369	500
2369	831
2370	867
2370	693
2370	999
2370	692
2371	850
2372	645
2372	649
2372	602
2372	855
2372	645
2372	764
2372	998
2373	901
2373	850
2373	850
2373	645
2373	765
2373	656
2374	667
2374	623
2374	667
2375	534
2375	501
2377	681
2377	906
2377	865
2378	603
2378	906
2378	620
2378	623
2378	649
2379	623
2380	853
2382	868
2388	670
2388	665
2388	850
2388	601
2390	674
2392	647
2392	649
2393	522
2394	501
2396	645
2396	620
2397	540
2397	833
2398	500
2398	773
2398	774
2398	999
2401	500
2401	693
2402	620
2410	831
2414	504
2414	772
2414	505
2414	506
2414	543
2417	681
2417	842
2417	602
2417	889
2417	681
2419	811
2419	816
2419	998
2419	999
2420	612
2420	620
2420	850
2420	774
2421	692
2423	998
2423	612
2423	909
2425	522
2427	602
2429	998
2429	647
2429	612
2431	774
2433	600
2433	998
2433	677
2435	890
2435	602
2437	674
2437	867
2438	692
2438	692
2439	693
2441	697
2444	863
2444	850
2445	868
2445	870
2445	867
2445	998
2446	868
2446	540
2446	512
2447	998
2447	889
2447	872
2447	772
2448	868
2448	833
2449	502
2449	526
2449	999
2450	674
2450	998
2450	540
2450	889
2450	670
2451	850
2453	645
2453	612
2453	693
2453	998
2453	868
2453	889
2453	612
2453	873
2453	681
2453	998
2453	868
2453	832
2453	867
2453	888
2453	884
2453	998
2454	998
2455	889
2455	602
2455	612
2455	871
2456	772
2456	620
2456	681
2457	868
2457	512
2457	832
2458	907
2458	821
2461	697
2461	677
2466	850
2466	866
2467	500
2467	649
2467	659
2469	645
2469	783
2469	783
2471	863
2471	693
2472	600
2472	697
2473	846
2473	737
2473	999
2473	737
2474	602
2475	868
2475	543
2476	697
2478	998
2478	602
2478	889
2478	871
2478	873
2478	623
2478	681
2478	772
2478	676
2479	998
2479	512
2479	867
2480	891
2480	884
2480	905
2480	620
2481	850
2482	674
2483	612
2483	889
2483	772
2483	661
2483	998
2486	602
2486	774
2486	902
2487	901
2487	656
2488	602
2488	500
2488	760
2489	692
2490	670
2490	648
2490	821
2491	697
2493	514
2493	866
2493	872
2493	998
2493	503
2494	500
2494	783
2495	522
2497	868
2497	867
2497	832
2499	670
2499	512
2499	791
2499	504
2500	697
2500	697
2500	831
2501	867
2502	693
2502	772
2504	843
2505	648
2506	645
2506	677
2506	674
2506	890
2508	889
2508	871
2508	677
2508	772
2508	674
2509	500
2510	868
2510	543
2510	832
2512	763
2512	677
2516	677
2516	670
2516	998
2516	805
2517	999
2517	999
2517	999
2518	998
2518	619
2518	612
2521	814
2522	697
2522	697
2523	681
2523	647
2524	697
2524	693
2525	998
2525	697
2529	677
2529	623
2531	681
2531	651
2534	889
2536	868
2536	867
2537	540
2538	999
2538	889
2542	867
2542	866
2543	697
2544	656
2544	817
2544	850
2545	999
2546	792
2546	998
2551	843
2257	620
2554	677
2427	645
2556	998
2557	998
2557	681
2559	696
2559	692
2561	999
2571	500
2578	677
2580	643
2580	501
2580	998
2580	832
2581	697
2582	600
2584	641
2586	500
2586	693
2586	868
2589	850
2559	850
2589	692
2590	527
2592	998
2592	677
2592	643
2594	850
2595	774
2596	693
2597	659
2598	801
2600	901
2601	612
2603	901
2603	651
2604	693
2604	692
2604	677
2605	602
2605	693
2605	697
2606	850
2606	998
2608	649
2608	681
2609	645
2610	692
2615	602
2616	677
2616	649
2616	612
2617	645
2617	518
2618	910
2618	601
2618	816
2618	507
2618	649
2618	693
2618	842
2618	998
2618	677
2618	821
2619	998
2619	677
2619	663
2620	681
2620	677
2621	998
2621	907
2621	781
2623	901
2624	697
2624	998
2624	850
2624	693
2624	903
2624	649
2625	883
2629	783
2630	774
2631	891
2631	608
2631	890
2631	615
2632	804
2632	846
2632	602
2632	804
2633	697
2633	681
2633	891
2633	677
2633	501
2636	783
2636	774
2637	821
2637	821
2637	620
2638	910
2639	620
2639	518
2640	656
2640	902
2640	816
2642	891
2642	677
2642	674
2643	832
2643	842
2643	846
2644	681
2644	649
2644	998
2644	648
2645	651
2646	697
2646	910
2646	693
2646	674
2646	681
2646	873
2646	850
2646	873
2647	659
2647	645
2647	815
2648	602
2648	620
2650	677
2650	612
2653	680
2660	702
2663	612
2663	889
2664	842
2664	832
2664	677
2664	681
2666	693
2666	651
2666	697
2668	608
2668	890
2668	773
2669	532
2669	514
2669	500
2671	697
2671	850
2673	821
2673	656
2674	635
2674	998
2674	906
2675	677
2675	891
2675	764
2675	522
2676	512
2677	693
2677	850
2677	850
2678	693
2680	832
2680	842
2683	612
2683	681
2683	620
2683	649
2683	676
2685	681
2687	850
2687	770
2691	532
2691	602
2691	814
2692	602
2692	792
2693	818
2694	832
2694	540
2694	580
2695	783
2696	612
2696	998
2696	649
2697	850
2698	514
2699	850
2701	651
2704	887
2704	664
2705	620
2705	676
2706	680
2706	889
2706	820
2706	890
2709	656
2710	998
2710	554
2710	540
2711	831
2712	500
2717	674
2717	612
2719	816
2720	905
2720	902
2720	905
2720	905
2721	811
2721	905
2723	842
2725	600
2725	500
2725	612
2725	656
2728	620
2728	703
2729	697
2729	850
2730	656
2733	541
2733	832
2733	880
2733	925
2733	540
2746	640
2747	677
2747	500
2747	640
2747	620
2747	656
2747	522
2747	998
2747	832
2749	998
2749	681
2750	903
2751	522
2754	765
2756	863
2756	999
2757	697
2759	645
2737	541
2737	580
2760	667
2760	646
2763	677
2763	656
2763	602
2763	667
2763	612
2763	850
2763	697
2764	901
2766	842
2766	676
2766	998
2767	681
2768	677
2768	891
2770	612
2773	774
2776	677
2776	674
2776	656
2776	677
2776	891
2777	998
2777	676
2777	891
2777	645
2777	811
2777	711
2777	780
2777	503
2777	656
2777	693
2777	903
2777	998
2777	677
2777	880
2777	600
2778	677
2778	620
2778	681
2778	873
2779	998
2779	656
2779	849
2780	677
2780	620
2780	674
2782	693
2782	873
2782	674
2782	910
2784	522
2784	831
2785	843
2786	863
2786	765
2786	850
2786	656
2786	998
2786	677
2787	764
2788	903
2788	693
2788	665
2791	677
2791	680
2792	801
2793	602
2793	891
2793	601
2793	764
2793	600
2794	543
2794	518
2799	832
2799	832
2799	832
2800	677
2800	693
2800	645
2800	998
2800	681
2800	697
2800	620
2801	612
2802	765
2802	906
2802	850
2802	850
2802	680
2802	890
2802	891
2804	805
2804	998
2807	612
2808	693
2808	903
2808	522
2808	674
2811	677
2812	612
2813	891
2814	660
2814	891
2815	890
2816	907
2818	522
2818	693
2818	850
2818	656
2818	696
2818	697
2819	850
2819	697
2819	765
2821	868
2824	602
2824	711
2824	600
2824	816
2824	645
2825	697
2825	526
2826	832
2826	846
2826	999
2827	677
2827	998
2827	612
2830	600
2830	605
2831	811
2831	602
2831	649
2832	831
2832	831
2834	815
2834	612
2834	681
2839	850
2840	681
2841	526
2842	620
2842	601
2843	891
2844	612
2845	999
2845	909
2847	774
2847	645
2847	607
2848	677
2848	664
2849	681
2849	503
2849	711
2849	677
2849	526
2850	998
2853	677
2856	674
2856	680
2856	677
2856	765
2859	801
2859	532
2860	697
2860	522
2861	677
2861	850
2862	850
2862	850
2862	850
2862	765
2864	873
2864	681
2866	620
2869	832
2871	906
2871	910
2874	664
2875	817
2875	999
2881	868
2881	645
2883	677
2883	665
2883	998
2886	656
2888	880
2888	765
2888	998
2888	677
2890	677
2890	880
2891	681
2891	504
2894	903
2895	999
2896	640
2897	500
2902	998
2902	656
2902	764
2902	656
2906	998
2906	765
2907	998
2907	765
2907	656
2909	872
2910	522
2910	903
2911	500
2912	608
2912	500
2913	832
2915	512
2915	999
2916	527
2916	831
2917	832
2920	818
2921	623
2924	774
2924	693
2925	676
2926	680
2927	677
2928	550
2928	580
2928	602
2929	850
2930	903
2930	693
2930	522
2932	774
2932	643
2932	901
2932	999
2932	677
2933	765
2933	643
2934	645
2936	677
2936	693
2937	681
2937	677
2937	676
2937	693
2940	774
2940	681
2940	543
2940	998
2940	677
2940	643
2940	850
2940	765
2940	600
2940	841
2940	998
2941	765
2941	765
2942	850
2943	697
2944	677
2944	620
2945	998
2945	906
2945	850
2945	763
2945	677
2946	621
2950	503
2950	517
2951	514
2951	677
2954	774
2954	907
2955	805
2955	665
2956	526
2956	531
2956	512
2956	514
2959	677
2959	998
2959	677
2959	612
2960	901
2960	681
2962	889
2962	850
2963	803
2963	772
2963	873
2963	620
2964	998
2964	908
2964	783
2964	764
2965	681
2968	652
2969	850
2969	850
2970	677
2972	998
2973	677
2973	693
2973	850
2974	677
2977	846
2977	801
2977	999
2978	697
2978	703
2978	731
2979	526
2979	512
2979	514
2979	501
2981	620
2981	805
2983	600
2983	602
2983	620
2983	792
2984	772
2985	500
2985	801
2985	503
2985	602
2986	611
2986	612
2986	998
2986	677
2987	761
2989	620
2989	774
2989	500
2991	999
2992	680
2992	682
2993	697
2996	677
2996	998
3002	677
3002	677
3002	880
3005	602
3008	802
3008	503
3008	532
3010	907
3012	665
3012	664
3013	532
3016	612
3016	681
3016	677
3016	901
3016	640
3016	645
3018	532
3018	600
3019	805
3019	998
3019	849
3020	681
3021	681
3024	612
3024	772
3025	656
3026	512
3028	677
3028	901
3028	518
3031	999
3032	514
3034	509
3034	512
3035	612
3039	999
3040	541
3042	643
3043	677
3045	998
3045	656
3045	643
3045	677
3055	801
3056	841
3058	774
3066	884
3066	656
3066	998
3066	763
3067	656
3067	620
3067	602
3068	863
3068	656
3068	998
3069	677
3070	761
3071	504
3073	774
3074	532
3076	761
3076	697
3080	503
3082	998
3082	873
3082	656
3082	662
3082	693
3083	677
3083	680
3084	998
3086	504
3087	998
3089	677
3090	693
3091	802
3092	873
3092	677
3092	998
3092	645
3092	675
3093	802
3093	801
3094	999
3094	691
3094	522
3095	503
3095	802
3095	998
3095	681
3095	665
3095	500
3096	814
3096	711
3096	660
3097	677
3098	773
3098	773
3099	873
3099	612
3099	677
3099	681
3099	887
3099	656
3099	674
3099	901
3099	998
3100	681
3100	697
3101	612
3101	675
3102	765
3102	850
3102	681
3103	664
3105	901
3110	680
3110	910
3110	543
3111	850
3111	518
3112	501
3112	620
3112	903
3115	522
3115	764
3388	764
3115	677
3117	677
3117	998
3117	674
3117	677
3117	873
3119	677
3119	999
3119	998
3120	602
3120	675
3122	863
3122	697
3122	692
3122	868
3125	643
3125	620
3125	901
3126	910
3126	677
3126	649
3126	693
3126	998
3130	702
3130	697
3131	867
3134	522
3134	761
3134	765
3134	677
3134	764
3134	783
3137	620
3137	890
3141	612
3141	600
3141	677
3141	662
3142	998
3143	999
3143	514
3146	801
3147	711
3150	849
3153	693
3155	500
3155	801
3156	890
3159	693
3161	620
3161	783
3164	643
3164	501
3164	600
3164	620
3165	903
3165	998
3165	526
3165	620
3166	500
3166	511
3167	681
3168	791
3169	891
3169	881
3169	765
3169	677
3169	999
3175	662
3176	620
3176	998
3177	801
3177	999
3178	693
3178	998
3178	656
3178	681
3178	873
3178	693
3178	644
3178	677
3180	999
3180	999
3181	765
3181	850
3183	662
3183	710
3184	649
3184	693
3185	645
3185	864
3189	522
3191	526
3191	831
3191	550
3191	514
3193	800
3193	619
3196	600
3198	774
3199	640
3199	677
3201	680
3202	677
3202	998
3203	677
3205	693
3209	643
3212	891
3212	612
3215	645
3215	677
3220	680
3220	608
3225	680
3225	677
3226	500
3226	831
3228	764
3228	656
3231	850
3231	620
3235	600
3236	656
3236	883
3238	850
3238	677
3238	607
3238	998
3239	697
3240	833
3242	677
3245	623
3245	873
3246	500
3246	831
3246	521
3247	783
3247	998
3249	867
3251	677
3251	873
3251	677
3251	643
3251	998
3251	656
3251	906
3251	761
3251	514
3251	801
3252	850
3254	677
3254	656
3254	880
3254	681
3256	680
3256	677
3256	656
3257	891
3261	500
3262	783
3262	998
3267	602
3267	601
3269	774
3269	908
3272	681
3272	677
3272	873
3273	514
3273	600
3274	677
3274	612
3274	909
3274	677
3275	887
3275	677
3275	873
3275	681
3275	910
3277	681
3278	680
3278	998
3278	774
3281	850
3281	774
3281	998
3282	676
3283	693
3283	602
3283	680
3283	868
3283	534
3283	533
3283	500
3283	831
3283	873
3283	501
3283	522
3284	514
3285	764
3287	526
3287	514
3289	692
3289	521
3292	891
3292	612
3293	842
3293	842
3295	998
3295	783
3296	534
3296	623
3296	643
3296	640
3298	608
3298	591
3300	910
3304	677
3304	891
3304	901
3304	677
3304	693
3304	612
3305	677
3305	998
3305	681
3306	677
3306	910
3309	650
3310	692
3311	667
3311	660
3312	998
3316	526
3316	656
3318	620
3318	774
3322	849
3322	811
3323	660
3323	620
3325	677
3325	681
3326	503
3328	677
3328	673
3329	620
3330	677
3330	674
3330	693
3331	656
3332	850
3335	905
3335	645
3335	905
3335	905
3336	692
3336	783
3336	764
3340	661
3340	999
3341	601
3342	620
3342	514
3346	640
3346	600
3346	611
3352	693
3357	664
3366	681
3367	680
3367	681
3373	763
3373	645
3375	850
3390	833
3392	792
3392	620
3392	681
3392	774
3397	677
3399	998
3399	681
3400	850
3400	646
3403	608
3403	650
3403	677
3403	675
3404	677
3406	696
3406	998
3410	816
3411	850
3412	677
3414	601
3415	999
3415	999
3416	649
3419	681
3419	681
3420	643
3420	677
3420	998
3421	645
3421	681
3421	643
3421	850
3422	863
3423	643
3423	998
3424	693
3424	697
3424	998
3424	676
3424	677
3424	681
3424	880
3426	832
3427	774
3428	696
3433	697
3434	532
3434	774
3440	677
3440	850
3440	998
3440	850
3440	910
3441	656
3441	677
3441	906
3441	643
3441	677
3441	648
3441	764
3441	681
3441	676
3442	846
3442	998
3443	681
3443	850
3444	677
3444	682
3445	620
3445	998
3445	602
3445	612
3447	543
3447	531
3449	998
3449	664
3450	998
3450	850
3450	697
3451	667
3453	649
3453	656
3453	681
3453	649
3453	677
3455	681
3456	693
3457	850
3457	774
3459	850
3459	850
3460	612
3460	998
3460	998
3465	651
3467	605
3467	611
3470	623
3470	643
3470	681
3470	901
3471	677
3471	880
3471	906
3471	681
3472	514
3472	605
3473	998
3475	623
3475	514
3475	543
3476	645
3476	905
3476	681
3476	643
3476	649
3476	640
3477	697
3477	850
3477	500
3484	645
3485	889
3486	693
3490	645
3491	998
3493	650
3495	867
3496	889
3505	500
3505	833
3507	868
3507	512
3507	512
3508	761
3508	511
3508	999
3508	501
3508	522
3508	692
3508	783
3508	783
3508	764
3506	677
3506	803
3510	677
3511	677
3511	868
3511	867
3511	612
3511	774
3512	677
3513	649
3515	863
3515	697
3516	660
3518	774
3520	998
3520	863
3520	643
3520	764
3522	672
3525	697
3527	998
3528	677
3530	842
3530	842
3531	677
3531	664
3532	677
3532	906
3532	803
3533	677
3534	677
3534	681
3534	863
3534	998
3534	693
3534	803
3536	672
3536	998
3536	676
3536	677
3536	867
3536	803
3536	621
3536	664
3536	656
3536	906
3537	656
3538	863
3538	526
3538	641
3539	674
3539	697
3541	693
3541	693
3541	998
3541	676
3541	905
3542	905
3543	649
3543	677
3545	600
3545	645
3545	863
3545	643
3545	677
3546	681
3549	850
3549	850
3550	765
3550	677
3551	868
3551	780
3551	517
3552	602
3552	616
3552	620
3553	675
3557	656
3558	677
3558	656
3558	697
3558	522
3559	514
3559	611
3559	999
3561	660
3561	998
3561	612
3562	998
3562	850
3562	697
3563	677
3563	681
3563	664
3563	998
3564	677
3564	907
3564	803
3564	998
3564	803
3565	681
3566	999
3566	889
3566	681
3566	677
3566	501
3566	891
3568	905
3568	761
3569	512
3572	774
3572	612
3573	998
3573	681
3573	677
3573	908
3574	697
3575	999
3576	905
3576	998
3578	765
3578	693
3578	501
3579	522
3580	648
3581	503
3583	764
3583	850
3583	783
3586	649
3586	677
3587	901
3587	681
3587	681
3589	677
3593	697
3594	651
3600	816
3601	514
3601	526
3602	522
3603	722
3606	888
3606	800
3606	506
3606	543
3607	889
3608	909
3608	620
3608	667
3611	522
3611	693
3611	697
3611	681
3611	697
3611	611
3614	676
3614	681
3614	681
3615	501
3615	998
3617	703
3618	998
3618	803
3618	677
3619	601
3619	600
3619	623
3623	533
3625	526
3626	667
3627	890
3633	677
3633	901
3636	643
3640	697
3641	697
3645	765
3645	832
3646	677
3647	620
3648	910
3648	656
3648	850
3649	868
3649	854
3651	697
3651	998
3651	697
3652	697
3653	850
3656	656
3657	697
3657	660
3658	692
3659	697
3659	697
3660	998
3660	892
3660	681
3660	887
3660	998
3660	907
3660	889
3660	645
3660	667
3661	620
3661	608
3661	591
3663	998
3663	677
3669	675
3669	903
3670	998
3670	677
3673	670
3676	697
3677	500
3677	600
3681	501
3682	906
3687	999
3687	999
3692	998
3692	645
3692	681
3696	677
3697	697
3697	697
3698	774
3700	783
3704	850
3704	677
3704	620
3704	681
3704	623
3704	998
3704	534
3705	623
3708	656
3712	522
3713	681
3713	677
3713	649
3719	600
3720	681
3720	675
3720	849
3720	906
3720	903
3720	677
3720	643
3721	677
3721	681
3722	903
3722	774
3722	676
3722	677
3722	998
3722	534
3723	534
3723	612
3723	656
3723	905
3723	681
3724	998
3724	850
3725	903
3725	863
3725	681
3725	504
3727	764
3727	612
3727	765
3727	765
3727	903
3727	656
3729	693
3729	907
3729	697
3733	804
3733	514
3734	500
3734	600
3737	681
3737	910
3737	677
3737	620
3737	905
3737	905
3737	804
3737	780
3737	591
3738	620
3739	890
3740	680
3740	907
3740	681
3741	764
3741	873
3742	998
3743	660
3743	620
3743	526
3743	602
3743	765
3747	696
3748	693
3748	774
3749	526
3753	892
3753	681
3753	501
3754	762
3754	998
3755	765
3756	774
3756	643
3757	500
3757	526
3759	680
3760	774
3760	998
3761	692
3761	697
3762	763
3762	765
3762	526
3762	998
3763	696
3764	850
3764	510
3765	693
3765	761
3766	660
3766	620
3769	526
3769	998
3770	526
3770	780
3770	998
3770	660
3771	640
3771	909
3771	907
3772	907
3772	887
3772	677
3772	612
3772	774
3772	873
3773	998
3773	677
3773	906
3773	665
3773	703
3773	664
3774	774
3774	868
3774	774
3775	681
3775	892
3775	640
3775	906
3776	850
3776	697
3777	500
3777	998
3777	792
3778	832
3780	850
3780	765
3781	612
3781	681
3781	677
3782	514
3783	681
3784	681
3784	534
3784	612
3784	998
3784	889
3784	863
3786	764
3786	526
3787	863
3789	907
3789	905
3789	810
3790	843
3791	677
3793	697
3794	526
3794	667
3799	600
3800	850
3800	677
3800	681
3801	906
3803	526
3806	697
3809	623
3810	681
3810	677
3811	903
3811	677
3813	645
3813	612
3813	773
3814	774
3814	889
3815	681
3816	764
3816	774
3820	999
3821	693
3823	892
3823	526
3823	677
3824	765
3824	640
3824	850
3825	526
3825	783
3828	850
3828	510
3830	680
3830	693
3831	607
3832	681
3838	620
3839	774
3839	526
3840	693
3841	850
3841	763
3841	693
3846	711
3847	847
3847	907
3848	783
3849	801
3850	803
3850	907
3850	620
3850	774
3851	774
3851	773
3851	773
3851	773
3852	803
3853	998
3855	631
3856	534
3856	850
3856	677
3859	612
3859	906
3860	620
3862	998
3862	818
3862	677
3865	611
3865	620
3871	697
3872	850
3872	850
3873	522
3877	832
3878	600
3878	500
3878	801
3881	998
3882	998
3882	664
3882	656
3882	680
3884	522
3884	514
3887	681
3891	999
3892	658
3892	761
3893	998
3893	907
3895	907
3897	907
3899	802
3899	541
3899	540
3899	509
3899	580
3900	602
3902	765
3902	677
3903	693
3904	850
3905	850
3907	555
3907	832
3908	640
3909	693
3909	501
3909	761
3909	652
3910	697
3910	831
3913	681
3914	677
3914	681
3918	681
3919	514
3919	620
3921	505
3921	526
3925	600
3925	620
3925	811
3925	602
3925	792
3925	619
3926	765
3930	867
3931	620
3934	696
3934	677
3934	603
3935	571
3935	670
3938	527
3938	541
3944	850
3945	697
3948	600
3948	514
3948	675
3948	765
3948	764
3948	998
3948	543
3949	732
3949	906
3949	863
3950	660
3952	903
3952	620
3952	534
3952	623
3954	693
3956	731
3965	850
3967	907
3967	801
3968	765
3971	697
3972	677
3972	697
3972	612
3974	697
3976	664
3976	805
3978	816
3981	998
3981	731
3983	774
3984	998
3984	681
3985	623
3985	623
3985	612
3985	998
3985	998
3985	643
3990	501
3990	620
3990	603
3990	608
3993	998
3996	619
3997	998
3998	863
3998	690
3998	907
3998	731
3998	804
3998	664
3998	850
3999	850
3999	850
3999	998
3999	850
3999	677
3999	998
3999	620
4000	889
4000	608
4000	611
4001	664
4001	665
4001	681
4002	677
4003	998
4004	732
4006	998
4006	677
4006	534
4006	675
4006	674
4006	676
4006	891
4006	772
4007	888
4007	645
4007	677
4007	892
4007	604
4007	873
4007	850
4007	500
4008	903
4008	905
4008	602
4008	891
4008	907
4008	847
4008	907
4010	512
4013	677
4013	850
4013	764
4014	905
4014	814
4016	677
4016	522
4017	850
4017	693
4021	534
4026	999
4027	677
4027	672
4027	677
4027	534
4027	814
4027	998
4031	664
4031	677
4033	674
4034	500
4035	867
4036	620
4036	611
4036	623
4037	998
4038	998
4042	677
4042	693
4043	500
4043	600
4044	783
4044	612
4044	501
4044	612
4046	880
4046	677
4047	850
4047	710
4047	998
4047	645
4048	522
4049	998
4050	623
4050	907
4050	999
4050	514
4051	522
4051	998
4052	664
4053	664
4054	774
4054	649
4054	621
4055	998
4055	907
4055	612
4055	681
4055	905
4055	676
4055	677
4056	850
4058	623
4058	534
4058	681
4059	998
4059	998
4059	998
4061	667
4061	772
4061	660
4061	660
4061	660
4061	660
4061	603
4061	608
4061	998
4062	905
4063	602
4063	998
4063	814
4063	612
4063	774
4063	772
4063	804
4064	873
4064	889
4066	801
4066	998
4066	802
4070	850
4072	805
4073	526
4073	602
4073	601
4073	676
4074	623
4074	612
4074	887
4076	677
4076	681
4078	623
4080	850
4080	677
4081	693
4082	774
4082	999
4083	664
4085	601
4085	999
4085	664
4085	612
4086	665
4087	667
4087	909
4088	681
4090	905
4091	998
4091	656
4093	697
4094	616
4095	805
4096	673
4096	664
4096	850
4097	526
4097	503
4098	612
4099	681
4099	643
4099	998
4103	998
4103	998
4103	998
4103	660
4105	841
4106	665
4107	805
4107	620
4111	850
4113	998
4114	832
4115	514
4115	543
4115	730
4118	850
4118	998
4118	998
4119	998
4119	681
4121	661
4122	905
4125	661
4125	603
4125	616
4126	681
4126	850
4126	623
4127	998
4127	661
4128	697
4129	649
4130	867
4130	774
4135	533
4135	832
4136	861
4139	643
4139	612
4139	867
4140	600
4140	500
4141	677
4142	801
4142	600
4142	526
4145	850
4145	620
4146	620
4147	998
4147	643
4147	693
4147	526
4149	677
4151	903
4151	905
4151	905
4151	814
4152	905
4154	697
4154	998
4154	783
4154	526
4154	774
4156	603
4157	850
4158	600
4158	616
4158	603
4158	514
4159	534
4159	660
4162	850
4162	693
4163	680
4163	866
4164	649
4167	620
4167	693
4169	998
4171	532
4172	763
4172	783
4172	850
4175	514
4175	864
4175	600
4176	667
4179	602
4179	998
4179	905
4179	774
4179	500
4179	905
4179	600
4179	814
4179	792
4179	770
4181	612
4181	600
4183	847
4183	804
4187	500
4188	500
4190	850
4193	811
4193	602
4193	526
4194	643
4195	500
4197	693
4202	500
4202	600
4203	550
4208	901
4209	681
4211	601
4211	620
4212	907
4213	677
4216	645
4216	526
4216	602
4216	693
4225	905
4225	850
4226	766
4226	703
4228	500
4230	703
4230	681
4230	764
4231	999
4236	697
4237	514
4237	527
4239	693
4245	643
4251	623
4251	600
4254	677
4254	764
4254	998
4254	906
4254	774
4256	677
4257	600
4261	667
4265	681
4269	697
4271	623
4272	512
4274	764
4274	850
4274	681
4274	693
4275	765
4275	681
4276	774
4276	663
4276	764
4276	675
4276	805
4276	681
4276	503
4276	770
4276	677
4277	677
4277	764
4277	693
4278	677
4279	600
4279	999
4280	693
4280	850
4283	765
4283	910
4283	998
4284	677
4285	681
4285	862
4286	512
4286	867
4287	551
4288	522
4288	611
4289	645
4289	677
4289	534
4289	512
4290	907
4291	522
4291	500
4293	998
4295	612
4295	780
4296	664
4297	681
4297	850
4297	850
4298	681
4299	765
4301	656
4302	774
4302	620
4303	660
4303	891
4303	850
4304	890
4306	764
4307	659
4308	620
4308	526
4308	764
4310	891
4311	803
4311	600
4311	500
4311	774
4312	663
4312	681
4312	764
4313	850
4313	868
4314	649
4316	850
4317	512
4318	803
4320	692
4320	501
4323	863
4324	761
4324	652
4325	640
4327	677
4327	526
4327	998
4327	677
4330	764
4330	783
4330	602
4332	677
4332	907
4336	677
4337	783
4337	620
4337	764
4337	761
4338	850
4339	765
4339	764
4339	868
4340	514
4340	509
4341	526
4344	999
4344	602
4345	601
4345	611
4345	600
4347	907
4347	655
4349	867
4349	872
4292	867
4292	907
4292	691
4334	805
4351	811
4351	653
4351	867
4352	998
4353	681
4354	693
4356	677
4360	832
4364	623
4364	602
4365	681
4365	903
4367	522
4373	850
4373	998
4374	623
4375	527
4375	602
4375	850
4375	512
4375	514
4375	764
4375	998
4376	731
4378	677
4378	998
4378	998
4378	623
4378	998
4378	803
4378	998
4378	999
4378	774
4379	868
4381	998
4381	999
4381	623
4381	682
4381	522
4381	765
4382	832
4385	645
4386	681
4386	850
4386	850
4387	765
4389	600
4389	645
4389	889
4389	623
4389	774
4389	620
4389	602
4389	907
4389	620
4389	888
4389	880
4389	670
4389	681
4389	880
4389	677
4389	774
4390	782
4393	665
4393	665
4393	665
4393	681
4393	850
4394	611
4394	804
4394	804
4397	600
4397	867
4399	533
4401	832
4402	781
4402	500
4402	527
4391	850
4391	850
4404	652
4404	677
4404	998
4410	811
4410	850
4410	667
4410	653
4410	680
4410	889
4411	998
4412	677
4412	998
4412	998
4413	649
4413	681
4414	600
4415	998
4415	803
4415	804
4415	764
4415	998
4415	620
4415	761
4415	792
4415	518
4415	681
4415	670
4416	681
4416	656
4416	677
4417	693
4418	666
4418	665
4418	664
4418	664
4419	880
4419	868
4421	783
4421	645
4421	681
4421	500
4421	601
4423	660
4423	998
4424	998
4424	890
4425	667
4427	522
4427	501
4427	867
4428	681
4429	867
4429	866
4430	907
4432	842
4433	602
4434	774
4435	677
4435	998
4435	664
4436	811
4436	612
4438	850
4438	677
4440	774
4441	761
4441	998
4442	907
4442	620
4442	885
4442	891
4442	867
4443	814
4445	774
4447	999
4448	620
4448	868
4448	868
4448	500
4449	998
4449	873
4449	693
4449	850
4450	662
4451	803
4451	817
4451	905
4452	772
4453	670
4453	623
4453	602
4453	612
4453	811
4454	832
4455	910
4455	677
4455	676
4455	850
4455	675
4456	526
4456	999
4456	620
4457	652
4457	677
4457	602
4457	703
4461	677
4461	662
4461	905
4464	532
4464	891
4464	867
4465	792
4465	812
4466	868
4466	534
4467	602
4469	601
4469	670
4469	503
4469	620
4470	832
4471	620
4471	677
4471	616
4471	612
4472	841
4472	677
4473	764
4476	664
4480	620
4480	670
4480	887
4482	664
4482	620
4482	907
4482	646
4487	889
4488	842
4489	811
4489	792
4490	907
4490	514
4490	653
4490	518
4490	803
4494	675
4494	832
4495	731
4495	500
4495	541
4496	620
4496	811
4497	926
4499	850
4499	677
4499	676
4499	620
4501	522
4501	697
4502	522
4513	645
4513	887
4513	675
4514	998
4515	998
4515	665
4515	850
4515	665
4515	665
4516	620
4516	611
4517	526
4518	998
4518	526
4518	620
4518	616
4519	774
4520	526
4520	761
4520	830
4521	731
4526	670
4527	998
4527	645
4527	907
4527	891
4527	623
4527	693
4527	675
4527	677
4527	661
4527	998
4527	534
4527	811
4528	998
4528	999
4528	620
4529	850
4529	850
4530	765
4530	998
4530	805
4532	522
4533	850
4533	998
4533	999
4533	620
4533	681
4533	623
4533	697
4534	612
4534	907
4534	998
4535	764
4535	850
4535	677
4536	764
4537	999
4537	999
4537	999
4537	620
4537	514
4537	999
4538	623
4538	656
4538	534
4538	600
4539	889
4540	608
4540	999
4540	500
4540	998
4540	774
4540	774
4540	889
4540	998
4540	803
4542	649
4542	660
4542	697
4542	850
4543	998
4543	620
4543	772
4544	602
4544	677
4546	832
4546	811
4546	601
4548	677
4550	550
4551	761
4552	522
4554	681
4557	526
4557	501
4559	602
4559	811
4560	677
4565	998
4566	833
4566	832
4567	500
4567	514
4567	765
4568	522
4568	500
4569	850
4570	620
4570	602
4570	811
4572	677
4572	998
4572	675
4572	650
4572	600
4572	526
4572	804
4572	814
4573	620
4573	500
4573	620
4573	623
4573	907
4574	681
4577	765
4578	765
4578	998
4579	500
4580	811
4580	526
4582	600
4582	811
4583	600
4584	677
4585	653
4587	623
4587	998
4587	675
4588	620
4588	616
4588	764
4589	998
4590	850
4590	527
4597	868
4598	863
4598	880
4598	503
4598	772
4599	731
4600	608
4600	999
4600	503
4604	850
4604	623
4605	765
4605	500
4613	532
4613	660
4615	801
4615	500
4619	869
4621	620
4621	503
4623	999
4623	861
4623	849
4623	906
4624	850
4624	660
4624	675
4627	850
4628	811
4628	501
4628	867
4628	602
4630	600
4631	663
4631	681
4631	850
4634	850
4635	697
4636	615
4636	842
4636	500
4636	811
4636	501
4636	612
4636	615
4637	907
4638	677
4638	675
4638	774
4638	680
4639	891
4639	649
4639	681
4640	998
4640	998
4641	677
4641	773
4641	635
4642	612
4642	998
4642	770
4643	500
4643	601
4643	800
4645	677
4647	887
4647	601
4647	670
4647	782
4648	800
4649	998
4650	620
4650	677
4651	602
4651	811
4651	514
4651	792
4653	543
4655	522
4655	501
4656	534
4657	640
4657	849
4657	901
4657	850
4657	643
4657	850
4658	850
4659	652
4661	907
4662	601
4662	600
4662	811
4662	503
4662	500
4662	792
4662	812
4662	804
4663	612
4663	500
4663	692
4663	850
4664	868
4664	703
4668	522
4670	620
4670	623
4671	532
4671	792
4672	501
4672	600
4672	811
4672	867
4676	703
4676	891
4676	998
4676	681
4676	681
4677	765
4679	905
4679	643
4680	514
4683	500
4685	801
4686	905
4686	850
4686	607
4686	522
4687	854
4691	999
4692	500
4693	804
4694	905
4694	643
4694	620
4699	765
4700	810
4700	600
4700	602
4700	811
4702	532
4702	801
4702	503
4703	620
4703	812
4705	554
4706	640
4707	500
4707	621
4707	801
4707	780
4707	503
4708	847
4708	999
4710	600
4710	850
4711	681
4711	661
4711	998
4713	660
4714	600
4714	602
4715	620
4715	998
4716	804
4716	890
4716	821
4716	602
4716	812
4716	620
4716	999
4718	812
4718	804
4719	522
4719	999
4720	999
4720	999
4721	999
4721	868
4722	620
4723	765
4725	660
4725	998
4725	677
4727	850
4727	697
4728	906
4729	667
4730	765
4731	522
4733	781
4733	677
4733	645
4733	998
4733	850
4733	601
4733	500
4733	602
4733	801
4733	764
4733	623
4733	620
4733	681
4733	842
4733	833
4733	847
4733	512
4733	762
4733	677
4733	525
4733	770
4733	773
4733	772
4733	998
4734	816
4735	660
4735	620
4735	909
4735	660
4736	850
4737	660
4737	677
4737	905
4737	664
4739	791
4739	677
4739	602
4739	790
4739	804
4740	620
4740	607
4742	850
4744	602
4745	801
4745	802
4745	514
4745	503
4746	774
4746	620
4747	765
4747	677
4747	998
4747	676
4747	681
4748	623
4748	889
4748	612
4752	612
4752	774
4756	999
4756	620
4756	792
4756	907
4756	903
4756	998
4760	801
4760	526
4761	999
4762	677
4764	886
4764	821
4764	903
4765	677
4766	850
4766	656
4769	801
4769	607
4770	774
4770	999
4773	791
4774	804
4774	623
4776	697
4776	692
4777	555
4778	764
4778	693
4779	764
4780	677
4781	650
4784	500
4784	522
4787	804
4787	812
4787	620
4787	602
4787	821
4788	847
4788	602
4789	801
4789	891
4790	509
4790	527
4791	612
4792	532
4792	600
4792	621
4793	623
4793	887
4793	677
4794	868
4795	765
4798	905
4798	850
4798	660
4800	620
4801	999
4801	620
4801	891
4801	620
4801	998
4803	783
4804	656
4805	651
4806	765
4806	850
4806	998
4806	681
4807	526
4808	846
4808	801
4808	801
4808	661
4809	764
4811	765
4811	500
4811	612
4811	802
4812	765
4813	682
4813	765
4814	677
4814	612
4814	681
4815	600
4815	774
4815	612
4815	999
4815	774
4815	773
4815	770
4815	773
4816	526
4816	509
4816	526
4817	773
4817	620
4817	608
4818	998
4821	998
4822	509
4823	814
4823	998
4823	814
4824	907
4825	814
4825	811
4825	602
4825	503
4825	500
4827	612
4827	670
4827	907
4827	850
4828	850
4829	850
4831	611
4832	500
4833	850
4833	681
4837	697
4838	803
4838	803
4838	907
4839	843
4841	850
4841	681
4844	620
4844	774
4846	500
4847	677
4847	998
4852	525
4852	831
4852	790
4857	664
4858	850
4862	905
4862	761
4862	998
4862	850
4862	664
4864	526
4866	850
4866	905
4866	681
4868	800
4869	999
4870	664
4870	905
4870	868
4870	783
4872	612
4872	676
4872	611
4873	907
4873	667
4874	783
4874	774
4874	907
4874	771
4874	774
4875	867
4876	765
4876	850
4876	850
4876	681
4877	620
4878	774
4878	761
4878	811
4879	681
4879	850
4880	850
4881	855
4883	905
4886	889
4886	907
4886	782
4888	998
4888	800
4888	889
4888	620
4889	532
4889	801
4891	667
4893	850
4894	697
4895	998
4895	850
4895	867
4895	850
4895	667
4896	665
4896	903
4896	623
4899	764
4899	693
4899	522
4899	999
4899	555
4899	512
4900	764
4901	907
4901	811
4901	602
4901	889
4901	623
4902	803
4903	677
4904	514
4904	645
4904	811
4904	600
4905	503
4905	791
4905	600
4907	998
4907	905
4907	903
4907	850
4908	677
4908	998
4911	850
4911	664
4911	761
4912	677
4912	693
4912	763
4914	666
4914	765
4915	620
